abalone 16384 6.000111170578748e-08 4.4505747306781513e-08 4.3049197605190175e-08 1.3481654693313032 1.3937800248001257 5.501953031246861e-08 3.3164469401041664e-08 3.436798095703125e-08 1.6589902177280273 1.6008950418488963
airline 16384 3.108827513642609e-08 1.9205569212014476e-08 1.886883789363007e-08 1.6187114681807047 1.6475988246695987 2.3062408824140826e-08 3.845723470052084e-09 4.001363118489583e-09 5.996897333813886 5.763638075628168
airline-ohe 16384 4.667605389840901e-07 3.2502114966822167e-07 3.2549707005576543e-07 1.436092818761347 1.4339930583833607 8.047400721504043e-08 5.1894022623697916e-08 5.249898274739583e-08 1.5507375059086512 1.5328679338845337
covtype 16384 1.0149478233264138e-07 5.484425249354293e-08 5.4622845103343326e-08 1.850600158049211 1.8581013519273668 7.273132117309918e-08 2.84039306640625e-08 2.85711669921875e-08 2.5606076156607798 2.545619546901491
epsilon 16384 1.130343540959681e-06 7.843187146742517e-07 7.811832134999955e-07 1.4411788470827738 1.44696342858587 4.1856061822424335e-08 2.7624409993489584e-08 2.8888142903645833e-08 1.5151839200290182 1.4489010928127846
higgs 16384 4.571569055163612e-08 2.4895586345034342e-08 2.4963592295534907e-08 1.8362970013258813 1.8312945512979324 2.3933656242055196e-08 4.1943359375e-09 4.515380859375e-09 5.7061848642292246 5.300473423490569
letters 16384 3.094844360020943e-06 1.6660890105413273e-06 1.6609089652774855e-06 1.8575504312434064 1.8633437621934277 3.1089672847883777e-06 1.6459515380859376e-06 1.6417333984375e-06 1.8888571217617793 1.8937102015146308
year_prediction_msd 16384 7.312497473321855e-08 4.500109450115512e-08 4.5020739586713414e-08 1.6249599158380807 1.6242508542618277 2.3325628717429935e-08 3.988749186197917e-09 4.2631022135416665e-09 5.847855462595272 5.471515236800211
Geomean speedup (Total): 16384 1.6152192330539472
Geomean speedup (Kernel): 16384 2.7995120188023894
Geomean speedup (AutoTune Total): 16384 1.626870560897172
