abalone 256 6.76484127599065e-07 1.7795481428664216e-07 1.7899123611309195e-07 3.8014376307314324 3.77942597799393 4.053566985393083e-07 8.376722110215054e-08 8.181829637096774e-08 4.839084945231658 4.954352712276033
airline 256 6.419014165638596e-07 1.528384965113414e-07 1.4743136782799998e-07 4.199867384302797 4.353899892679083 3.674225781553535e-07 4.653477822580645e-08 4.2786458333333336e-08 7.895655511077404 8.587356665347276
airline-ohe 256 7.961033993671017e-07 5.573157962131244e-07 5.601002504268e-07 1.428460138356929 1.4213587634721923 4.1427316084023444e-07 9.880901377688172e-08 9.854775705645162e-08 4.192665679020892 4.203780717230573
covtype 256 6.852143754561742e-07 2.3382440489786927e-07 2.385451087868342e-07 2.9304656019779665 2.872472963042337 4.1138320680587525e-07 1.1533539146505376e-07 1.1558929771505376e-07 3.5668427668234255 3.559007753641701
epsilon 256 1.966528424252105e-06 1.0196496081608597e-06 1.0108079520925398e-06 1.9286315696223617 1.9455015368459116 3.8381425603743523e-07 5.4282174059139786e-08 5.280115927419355e-08 7.070723726342909 7.269049795749913
higgs 256 6.526347089518783e-07 1.5814017544510545e-07 1.5548810923612247e-07 4.126938060584261 4.197328735670679 3.7343116096591434e-07 4.370148689516129e-08 4.2919186827956986e-08 8.545044745543002 8.700797675007818
letters 256 2.437956751354279e-06 2.682179573082155e-06 2.669675966664668e-06 0.9089461331452786 0.9132032433135003 2.2507651198294853e-06 2.5827784778225806e-06 2.575813382056452e-06 0.8714510900396691 0.8738075263948439
year_prediction_msd 256 6.534945800580004e-07 2.015381550756834e-07 1.8252210030632633e-07 3.242535289720174 3.580358646767938 3.5584098108673607e-07 4.5901167674731185e-08 4.553847446236559e-08 7.752329605388846 7.81407338053922
Geomean speedup (Total): 256 2.50848226588239
Geomean speedup (Kernel): 256 4.687835748692343
Geomean speedup (AutoTune Total): 256 2.551057870134218
abalone 512 3.59786001758443e-07 1.0263604215449757e-07 1.0259728878736496e-07 3.50545475259908 3.506778843874784 2.2464183469613394e-07 5.0107638888888887e-08 5.010134548611111e-08 4.4831853920370435 4.483748540414114
airline 512 3.2965000718832016e-07 8.035761614640554e-08 7.979421772890621e-08 4.102287038825575 4.131251819627794 1.9069693775640594e-07 2.4053168402777776e-08 2.3280164930555554e-08 7.928142129266568 8.19139118323485
airline-ohe 512 8.05053911689255e-07 5.925441574719217e-07 6.000328705542617e-07 1.3586395233799995 1.341683016374772 2.4508503783080314e-07 7.147157118055555e-08 7.076345486111111e-08 3.4291262075609805 3.4634408157690517
covtype 512 3.856314967075984e-07 1.420550462272432e-07 1.4092669718795353e-07 2.714662428047151 2.736397747215226 2.440631182657348e-07 7.00290798611111e-08 7.0068359375e-08 3.4851681437166664 3.483214398663588
epsilon 512 1.5228276347948444e-06 1.0649251441160839e-06 1.0367686756783063e-06 1.4299856127998853 1.4688210306880018 2.091610286798742e-07 4.153103298611111e-08 4.121961805555555e-08 5.036258759800707 5.074307782230496
higgs 512 3.4646958940558965e-07 8.602497271365589e-08 8.544248218337695e-08 4.027546635310817 4.055003793803595 1.9854239912496674e-07 2.4808810763888888e-08 2.4205946180555556e-08 8.002898688475641 8.202216002795803
letters 512 2.218849336107572e-06 2.441548897574345e-06 2.4283574894070626e-06 0.9087875890226802 0.9137243366294282 2.097013096014659e-06 2.3859622395833334e-06 2.376920572916667e-06 0.878896179170407 0.8822394487677223
year_prediction_msd 512 3.4046944023834333e-07 1.1361566268735462e-07 1.2599024921655655e-07 2.9966769738010552 2.702347541619132 1.9154904617203607e-07 2.5275390625e-08 2.394357638888889e-08 7.578480151462983 8.000018170256519
Geomean speedup (Total): 512 2.4110686892331743
Geomean speedup (Kernel): 512 4.482819134509286
Geomean speedup (AutoTune Total): 512 2.4221087502933942
abalone 1024 2.0888124016069231e-07 7.337158811943872e-08 7.699221549999146e-08 2.8468954470586456 2.71301765774899 1.3543669843957538e-07 4.3530738467261904e-08 4.4803292410714287e-08 3.111288786001943 3.0229184319317337
airline 1024 1.8215499862673736e-07 4.789708847446101e-08 4.682739797447409e-08 3.803049505271357 3.8899235598362996 1.0856072462740398e-07 1.4592633928571428e-08 1.4372674851190475e-08 7.4394194467421775 7.5532721467230575
airline-ohe 1024 6.473852166285118e-07 4.6597522062559923e-07 4.640454980766489e-07 1.3893125384636524 1.3950899627552893 1.5542382330057168e-07 6.594261532738095e-08 6.108258928571428e-08 2.356955703515083 2.544486491454636
covtype 1024 2.3972392747444765e-07 9.944651364570572e-08 1.0226941889240629e-07 2.4105815144862985 2.344043117392228 1.5779902848104636e-07 4.878836495535714e-08 4.893647693452381e-08 3.2343577946388926 3.2245686319466524
epsilon 1024 1.2805034029519275e-06 9.171464591331425e-07 9.127313803349222e-07 1.3961820276362604 1.4029356616204576 1.2067451496564207e-07 3.181640625e-08 3.184663318452381e-08 3.7928392671828566 3.789239329207492
higgs 1024 1.8097820603066966e-07 5.667175476749738e-08 5.648210866465455e-08 3.193446308009242 3.2041687236780247 1.0705469841403621e-07 1.4821428571428571e-08 1.4799339657738095e-08 7.222967603838588 7.233748321876022
letters 1024 2.0797592255153825e-06 1.8818415368774108e-06 1.8662543568227973e-06 1.1051723456834637 1.114402877567057 2.0425096486828155e-06 1.8517996651785714e-06 1.8379945591517856e-06 1.1029862933287946 1.1112707807064517
year_prediction_msd 1024 1.829205679574183e-07 8.825961101268019e-08 9.260461887433415e-08 2.0725285989662727 1.9752855762588284 1.0401659112955842e-07 1.4444521949404761e-08 1.5261811755952382e-08 7.201109977464142 6.8154812018953175
Geomean speedup (Total): 1024 2.3005390898396576
Geomean speedup (Kernel): 1024 4.2206434561668695
Geomean speedup (AutoTune Total): 1024 2.299783075170105
abalone 2048 1.2829854515277676e-07 5.321926437318325e-08 5.244568455964327e-08 2.4107538250270393 2.4463127181964928 9.080459777679709e-08 3.624701605902778e-08 3.678548177083333e-08 2.5051606352623073 2.468490105484896
airline 2048 9.938317816704512e-08 3.307766746729612e-08 3.0919456750982336e-08 3.0045400953771977 3.214260165288565 6.314968535055717e-08 9.927300347222222e-09 1.0302734375e-08 6.36121434244983 6.1294102179119
airline-ohe 2048 6.332999974903133e-07 3.795016608718369e-07 3.725791531097558e-07 1.6687673936272647 1.6997730340101809 1.1331246544917425e-07 5.6619194878472224e-08 5.317030164930556e-08 2.0013083141218946 2.131123238618192
covtype 2048 1.5030796122219828e-07 9.781978507008818e-08 9.744402228130235e-08 1.5365803667888063 1.5425057145967127 1.0882239116148816e-07 5.544623480902778e-08 5.5518663194444444e-08 1.96266512119899 1.9601046729161453
epsilon 2048 1.1958187032077048e-06 8.472640507130159e-07 8.491209397713343e-07 1.4113884593608834 1.408301982906858 7.257686876174476e-08 2.593234592013889e-08 2.9745008680555555e-08 2.7987004718066038 2.4399679805502488
higgs 2048 1.0338359667609135e-07 4.0168524719774725e-08 3.734907497548395e-08 2.5737464195491406 2.7680363367487058 6.482968779487742e-08 1.0979546440972222e-08 1.0957845052083333e-08 5.904587055887242 5.916280754723013
letters 2048 2.3480180728559693e-06 1.8061061079303424e-06 1.793986496826013e-06 1.3000443675740712 1.3088270602984857 2.292937133461237e-06 1.7903450520833334e-06 1.7766943359375e-06 1.280723584983276 1.290563653568093
year_prediction_msd 2048 1.1340928419182697e-07 1.0443806079112821e-07 1.0565964556816551e-07 1.0858999423461226 1.073345302097023 6.09770520693726e-08 9.417860243055555e-09 9.924587673611111e-09 6.474618490366241 6.144038833120187
Geomean speedup (Total): 2048 2.153828072933596
Geomean speedup (Kernel): 2048 3.9079700746339547
Geomean speedup (AutoTune Total): 2048 2.1647713459901583
abalone 4096 8.840802668904265e-08 5.091268879671891e-08 4.884398852785428e-08 1.7364635178085535 1.810008341940097 6.897336182494958e-08 3.82421875e-08 3.7943929036458336e-08 1.803593526781113 1.8177706836494631
airline 4096 6.034135973701875e-08 2.2811582311987876e-08 2.310533697406451e-08 2.645207110657481 2.6115767021598204 3.948109224438667e-08 6.803385416666666e-09 6.815999348958333e-09 5.803153845682099 5.792414321521383
airline-ohe 4096 4.070886643603444e-07 3.524372975031535e-07 3.407787880860269e-07 1.1550669218166443 1.1945833443646676 9.209499694406987e-08 6.1024169921875e-08 5.3382975260416664e-08 1.5091560780256854 1.7251754233405958
covtype 4096 1.447672063174347e-07 7.131447394688925e-08 7.106243477513392e-08 2.0299835125370014 2.0371833131742267 8.735204270730416e-08 3.760579427083333e-08 3.748291015625e-08 2.3228346695246778 2.3304498595005394
epsilon 4096 2.278427806838105e-06 8.543443982489407e-07 8.227114449255169e-07 2.6668727640843173 2.7694130437730564 6.038055289536714e-08 3.3731689453125e-08 3.190877278645833e-08 1.7900245696046309 1.8922869049038409
higgs 4096 6.23270170763135e-08 3.171434703593453e-08 3.196328179910779e-08 1.9652625042443004 1.949956749374004 4.034198354929686e-08 7.417399088541667e-09 7.381998697916667e-09 5.438831464740357 5.464913392721417
letters 4096 2.7929607313126324e-06 1.9855122081935404e-06 1.8519521108828484e-06 1.406670137704026 1.5081171456324503 2.7773284818977117e-06 1.972930908203125e-06 1.836190185546875e-06 1.407717052001179 1.5125494645155924
year_prediction_msd 4096 1.1800303279111783e-07 7.626416239266594e-08 7.374716612199942e-08 1.5472933693750994 1.6001026072772238 3.9846636354923245e-08 6.942545572916667e-09 6.597493489583333e-09 5.73948502554562 6.0396628534513
Geomean speedup (Total): 4096 2.0835510538827515
Geomean speedup (Kernel): 4096 3.631354821088969
Geomean speedup (AutoTune Total): 4096 2.1024480008704876
abalone 8192 6.87700230628252e-08 4.3002170665810504e-08 4.219269612804055e-08 1.5992221322330085 1.6299034992722783 5.900001269765198e-08 3.3731689453125e-08 3.360819498697917e-08 1.749097470485163 1.7555245891816078
airline 8192 3.977916397464772e-08 1.965381670743227e-08 2.01043925092866e-08 2.0239918061108644 1.9786304886493322 2.8694582094127935e-08 5.264892578125e-09 5.245564778645833e-09 5.450174275796337 5.470255979096987
airline-ohe 8192 4.1334986841926974e-07 3.244963105923186e-07 3.242627523529033e-07 1.2738199323892543 1.274737432591119 8.354167221114039e-08 5.215840657552083e-08 5.2386474609375e-08 1.601691418432795 1.5947183473229922
covtype 8192 1.1608077329583466e-07 6.761649274267256e-08 6.366016653676828e-08 1.7167523571150334 1.8234443861969754 7.701145174602667e-08 3.1986897786458336e-08 2.954833984375e-08 2.4075936422515314 2.6062869235042987
epsilon 8192 1.1833249785316486e-06 7.979639243179311e-07 7.930488209240139e-07 1.4829304213760157 1.49212122546618 4.807870330599447e-08 2.9642740885416668e-08 3.148946126302083e-08 1.62193852086221 1.5268188586781242
higgs 8192 5.855239578522742e-08 3.03174116803954e-08 3.105111924620966e-08 1.9313124881003618 1.8856774636996307 2.9630609788000584e-08 5.676066080729167e-09 5.5780029296875e-09 5.220272168535806 5.312046293539791
letters 8192 2.9418812482617797e-06 1.883376098703593e-06 1.8734412151388823e-06 1.5620253704434288 1.570308811661161 3.026085760211572e-06 1.8687652587890624e-06 1.8999346923828126e-06 1.6192968838539088 1.5927314619516693
year_prediction_msd 8192 8.933934926365813e-08 5.656562279909849e-08 5.648937076330185e-08 1.5793930101496552 1.5815249498529937 2.9605289455503226e-08 4.7857666015625e-09 5.0315348307291664e-09 6.186112261688112 5.883948030071144
Geomean speedup (Total): 8192 2.000173749444315
Geomean speedup (Kernel): 8192 3.463479477344987
Geomean speedup (AutoTune Total): 8192 2.0172225430508695
