abalone 2048 1.2849153588629432e-07 5.247588786813948e-08 5.225541018363502e-08 2.4485824081560215 2.458913544736357 8.990386656175057e-08 3.603298611111111e-08 3.6459147135416666e-08 2.4950434661319356 2.4658795837387357
airline 2048 9.950728983514838e-08 3.128008554793066e-08 2.987307703329457e-08 3.181170642345999 3.331002351188801 6.336615317397648e-08 9.72140842013889e-09 9.742567274305556e-09 6.518207078174704 6.50405087179582
airline-ohe 2048 4.591565165254805e-07 3.786190387068523e-07 3.8264448651009135e-07 1.212713756005769 1.1999559191698201 1.1298818410270744e-07 5.654025607638889e-08 6.631781684027777e-08 1.9983670386999026 1.7037379920818605
covtype 2048 1.5324867692672545e-07 9.834850465671884e-08 9.852209283659855e-08 1.5582207117600138 1.5554752494031197 1.1078043219943842e-07 5.588053385416667e-08 5.5665961371527776e-08 1.9824512143807695 1.9900928587231907
epsilon 2048 1.1925134781955018e-06 8.486971233247055e-07 8.498130288595954e-07 1.4051107814810568 1.4032657039817245 8.486715766290824e-08 2.579074435763889e-08 2.947265625e-08 3.290605206505863 2.879521850457854
higgs 2048 1.0384369589802292e-07 3.925427639236053e-08 3.764780962632762e-08 2.6454110339487102 2.7582931631008782 6.504246913310554e-08 1.1007486979166667e-08 1.09912109375e-08 5.908929917992022 5.917679999315866
letters 2048 2.353746288766464e-06 1.8095011667658885e-06 1.7960115413491924e-06 1.300770804681658 1.3105407368364081 2.3224963418518504e-06 1.78897216796875e-06 1.7756046549479166e-06 1.2982294433841746 1.3080030711678752
year_prediction_msd 2048 1.1612822870827384e-07 6.996476764066351e-08 6.919286938177215e-08 1.659810110493101 1.678326534885199 6.292177002049155e-08 9.55322265625e-09 1.1427137586805556e-08 6.586444416149589 5.50634570928285
Geomean speedup (Total): 2048 1.8156995464222314
Geomean speedup (Kernel): 2048 3.1895828877142822
Geomean speedup (AutoTune Total): 2048 1.837835937192366
