abalone 16384 5.98534825257957e-08 4.317502316553146e-08 4.44545973247538e-08 1.3862987935482893 1.3463957864368572 5.497468616037319e-08 3.3157958984375e-08 3.337870279947917e-08 1.6579635129616652 1.6469988810119667
airline 16384 3.0770825105719266e-08 1.9411115014615158e-08 1.919118706913044e-08 1.58521677309887 1.6033831046967906 2.302826032973826e-08 3.8409423828125e-09 3.997395833333334e-09 5.995471432423831 5.760815613432893
airline-ohe 16384 4.7014189476612954e-07 3.2387916386748355e-07 3.3381686080247165e-07 1.451596605203322 1.408382709117635 7.987395899059872e-08 5.2020060221354165e-08 5.258382161458333e-08 1.5354453387927944 1.5189835302584185
covtype 16384 1.019348807555313e-07 8.927129480677346e-08 5.633378653631856e-08 1.1418550719597829 1.8094803673424928 7.309123854308079e-08 5.245330810546875e-08 2.8508707682291666e-08 1.3934533622953773 2.563821529815671
epsilon 16384 1.1375374742783605e-06 7.861990889068693e-07 7.830500787046427e-07 1.4468822087545177 1.4527007980896025 4.216330125927925e-08 2.900543212890625e-08 2.9607645670572918e-08 1.4536346527056263 1.4240680170387685
higgs 16384 4.640227416530251e-08 2.634716414225598e-08 2.577699585041652e-08 1.7611866656602273 1.8001428263624721 2.4288553201283017e-08 4.78515625e-09 4.22760009765625e-09 5.075811934308941 5.745234326858023
letters 16384 3.0849085305817424e-06 1.6656563093420118e-06 1.6737600526539608e-06 1.8520678685510945 1.8431008230183443 3.1197352654999124e-06 1.59088134765625e-06 1.579822998046875e-06 1.9610106499117805 1.9747372138251065
year_prediction_msd 16384 7.358976290561259e-08 4.554249850722651e-08 4.537415710122635e-08 1.6158481707791164 1.6218430844112286 2.3736696069439253e-08 4.0327962239583335e-09 4.15771484375e-09 5.885915070149723 5.709072642420621
Geomean speedup (Total): 16384 1.51517329001915
Geomean speedup (Kernel): 16384 2.554156356863504
Geomean speedup (AutoTune Total): 16384 1.6002605868921231
