abalone 256 6.557309058725193e-07 1.7835157773187083e-07 1.7879280431937145e-07 3.6766195971550544 3.66754640025227 3.9720702515814894e-07 8.375693044354839e-08 8.348895329301075e-08 4.7423780104485065 4.757599772081476
airline 256 6.407807751368451e-07 1.5268893411723515e-07 1.491933199827389e-07 4.196641877432002 4.294969608632484 3.6365452713222916e-07 4.656018985215054e-08 4.336000504032258e-08 7.810417618291403 8.386865425731596
airline-ohe 256 7.952724693603413e-07 5.821029465365153e-07 5.652347920081948e-07 1.366205881781177 1.4069772077101923 4.2190364692159877e-07 1.1494497647849462e-07 9.925718245967742e-08 3.670483563938385 4.250610751448585
covtype 256 7.017995280924663e-07 2.3724996955484473e-07 2.3367994975659155e-07 2.958059507485974 3.003250937119265 4.147334144480767e-07 1.1579343077956989e-07 1.1490822412634409e-07 3.581666176189077 3.609257889079099
epsilon 256 1.9658685371439945e-06 1.0182198777955065e-06 1.0159144037833777e-06 1.9306915726298641 1.9350730040078992 3.971035281817118e-07 5.2756216397849465e-08 5.242670530913979e-08 7.5271419236558295 7.574451338113802
higgs 256 6.539967431817004e-07 1.575328129273589e-07 1.5526394089383464e-07 4.15149536803656 4.212161171594157 3.6648079071955014e-07 4.515793010752688e-08 4.370148689516129e-08 8.115535629000531 8.386002782896789
letters 256 2.464055263948056e-06 2.6831286208283515e-06 2.672114679890294e-06 0.9183515262072446 0.9221367939377586 2.2358698169550587e-06 2.580487021169355e-06 2.5752224042338708e-06 0.8664526496792331 0.8682239690362706
year_prediction_msd 256 6.689991481522079e-07 2.0358601324660803e-07 1.8340685675221105e-07 3.286076177256023 3.647623431309597 3.6167401459909257e-07 4.666099630376344e-08 4.56424311155914e-08 7.751099274533102 7.9240742826151775
Geomean speedup (Total): 256 2.4963743570932957
Geomean speedup (Kernel): 256 4.597976846882363
Geomean speedup (AutoTune Total): 256 2.5565409866197157
abalone 512 3.600362688302994e-07 1.0262465932303004e-07 1.032430057724317e-07 3.5082822316322515 3.4872703108227165 2.2257817909121514e-07 5.0098958333333336e-08 4.9927734375e-08 4.442770598348405 4.458006794769869
airline 512 3.323400289648109e-07 8.517741743061277e-08 8.038027832905451e-08 3.9017387353348876 4.134596643274899 1.9081314611766074e-07 2.654513888888889e-08 2.3180555555555554e-08 7.1882519400766896 8.231603667148937
airline-ohe 512 8.069299057953887e-07 6.030548053483168e-07 6.105783912870619e-07 1.3380706009453256 1.3215828095298785 2.4480931460857394e-07 7.075260416666667e-08 7.552278645833334e-08 3.4600749681509217 3.2415291607869583
covtype 512 3.9725657552480696e-07 1.4724872178501554e-07 1.4531493393911255e-07 2.697860943776511 2.73376290210653 2.4852234249313674e-07 7.002994791666667e-08 6.961588541666666e-08 3.5488009042769835 3.5699085202418224
epsilon 512 1.5136158714691799e-06 1.0721925646066666e-06 1.0702220929993524e-06 1.4117015183969768 1.4143007151227776 2.2532697767019273e-07 4.349869791666667e-08 4.1379991319444445e-08 5.180085576397402 5.445312347475328
higgs 512 3.4712994885113506e-07 8.392121849788559e-08 8.512034805284606e-08 4.136378797453722 4.078107723850273 1.9677092010776203e-07 2.453927951388889e-08 2.426171875e-08 8.018610326207517 8.110345443179371
letters 512 2.271478995680809e-06 2.441172177592913e-06 2.428862266242504e-06 0.9304870080571589 0.9352028837743978 2.05754100655516e-06 2.3849563802083335e-06 2.3772259114583333e-06 0.8627164100902455 0.8655218659016469
year_prediction_msd 512 3.486101826032003e-07 1.451819617715147e-07 1.3037056972583134e-07 2.401194875378789 2.673994470809829 1.93187708242072e-07 2.793576388888889e-08 2.4442491319444443e-08 6.915426011275463 7.903765034310872
Geomean speedup (Total): 512 2.367224076381427
Geomean speedup (Kernel): 512 4.395480425212482
Geomean speedup (AutoTune Total): 512 2.418613256065786
abalone 1024 2.0942501058535916e-07 7.172004275378726e-08 7.665122947877362e-08 2.9200346589907773 2.7321807100739783 1.3414942215950717e-07 4.3309151785714286e-08 4.500651041666667e-08 3.0974844029098936 2.9806670394474617
airline 1024 1.8130483416219553e-07 5.1279286188738684e-08 4.704309893505914e-08 3.5356349051912397 3.8540155361040016 1.0756581711272399e-07 1.727562313988095e-08 1.3994140625e-08 6.226450776435798 7.6864896527166335
airline-ohe 1024 5.879676679060572e-07 4.6661367551201867e-07 4.619713096568982e-07 1.2600738014394368 1.27273632716009 1.5637404950601715e-07 6.635811941964286e-08 6.916852678571429e-08 2.3565171959910667 2.2607688319062746
covtype 1024 2.3887670111088527e-07 1.106794834846542e-07 1.1274014555272602e-07 2.158274447892646 2.118825551801049 1.563980532366605e-07 4.905738467261905e-08 4.89404296875e-08 3.188063413497718 3.195682061545253
epsilon 1024 1.2776633125862905e-06 9.295968006231955e-07 9.282425578151431e-07 1.374427398770901 1.3764325949389768 1.346501743509656e-07 3.5975864955357146e-08 3.1694800967261905e-08 3.742791855541333 4.24833632777969
higgs 1024 1.798096179429974e-07 5.6377722926083066e-08 5.3831719837728e-08 3.189373543496003 3.3402168551371023 1.0596105961927346e-07 1.4893740699404762e-08 1.4180850074404762e-08 7.114469209438315 7.47212325518653
letters 1024 2.0613589523626225e-06 1.8768438271113804e-06 1.8675003333815506e-06 1.0983113898907755 1.1038064708829503 2.0168763252773454e-06 1.8505873325892858e-06 1.8371156529017858e-06 1.0898574143244528 1.0978494043592855
year_prediction_msd 1024 1.8899090632441497e-07 9.034826819385801e-08 9.00789053134975e-08 2.091804415319859 2.098059536432848 1.0691300433661256e-07 1.4636579241071429e-08 1.5125325520833332e-08 7.304507602200246 7.068476257873105
Geomean speedup (Total): 1024 2.2471698819370833
Geomean speedup (Kernel): 1024 4.1270872728402725
Geomean speedup (AutoTune Total): 1024 2.285940853143137
abalone 4096 8.817180059850216e-08 5.072370792428652e-08 4.999135853722692e-08 1.738275930657772 1.7637408379858996 6.822102780764302e-08 3.828450520833333e-08 3.811442057291667e-08 1.781948791982649 1.789900693285614
airline 4096 5.919437777871887e-08 2.777950915818413e-08 2.6817336523284513e-08 2.130864783882605 2.207317558450391 3.899476723745465e-08 8.656412760416667e-09 6.781819661458334e-09 4.504725954816609 5.749897399818116
airline-ohe 4096 4.09533871182551e-07 3.5227965175484615e-07 3.548584451588492e-07 1.1625249120762402 1.1540767220552604 9.192163512731591e-08 6.317342122395833e-08 6.318196614583333e-08 1.4550681813074724 1.454871393447098
covtype 4096 1.1648730530093114e-07 9.250642809395988e-08 9.004676636929313e-08 1.259234711587973 1.293631187412128 8.757274675493438e-08 3.77783203125e-08 3.7599690755208335e-08 2.3180688297027996 2.3290815694489124
epsilon 4096 1.1432910105213523e-06 8.213322144001722e-07 8.237801375798881e-07 1.391995821515792 1.3878594036997873 6.048930420850714e-08 3.3909912109375e-08 3.31689453125e-08 1.7838236800320044 1.8236728252469103
higgs 4096 6.26629722925524e-08 3.279962887366613e-08 3.519012049461404e-08 1.9104780890634614 1.7806978609846806 4.107743734493852e-08 7.48291015625e-09 7.393391927083333e-09 5.489500272915764 5.555966429219643
letters 4096 2.8470277902670206e-06 1.7606059554964304e-06 1.7510558245703578e-06 1.6170726796526464 1.6258920762652285 2.826493582688272e-06 1.739046630859375e-06 1.714462890625e-06 1.6253121293771862 1.6486175338900957
year_prediction_msd 4096 1.1762914558251698e-07 7.636544372265537e-08 7.227577346687515e-08 1.540345211765199 1.6275044864988932 3.9891068202753864e-08 6.9873046875e-09 7.137044270833333e-09 5.709078104768687 5.589298130848797
Geomean speedup (Total): 4096 2.0527232572322576
Geomean speedup (Kernel): 4096 3.69573023876346
Geomean speedup (AutoTune Total): 4096 2.0829096920867745
abalone 8192 6.889871049982806e-08 4.306227007570366e-08 4.427298942270378e-08 1.59997859793977 1.5562244925908681 5.884590791538358e-08 3.37530517578125e-08 3.361185709635417e-08 1.7434248120027567 1.7507484857707107
airline 8192 4.0230224840343e-08 2.4350495853771765e-08 2.4134593938166896e-08 1.6521316478289105 1.6669111957472038 2.8689925481254855e-08 5.472005208333334e-09 5.21484375e-09 5.24303694696103 5.5015887065177855
airline-ohe 8192 4.082997232520332e-07 3.373605917052676e-07 3.313669003546238e-07 1.2102768767039067 1.2321680977040166 8.358401828445495e-08 5.2395426432291666e-08 5.2473958333333336e-08 1.5952540894474243 1.592866651177702
covtype 8192 1.1635803578731915e-07 1.0536648915149271e-07 6.637987098656595e-08 1.1043172902916327 1.7529114482742494 7.696818405141433e-08 5.690144856770833e-08 3.1169026692708336e-08 1.3526577264518693 2.4693804144169897
epsilon 8192 1.1894387231829267e-06 7.988133196098109e-07 7.945350080262869e-07 1.4890071234214284 1.4970249405845872 4.839370376430452e-08 3.111551920572917e-08 3.1888427734375e-08 1.5552915393870077 1.5175945382887979
higgs 8192 5.7754659792408346e-08 2.5198678486049177e-08 2.6103080017492175e-08 2.291971772423829 2.212561113619766 2.9955845093354585e-08 5.6829833984375e-09 5.6687418619791665e-09 5.271147739335427 5.284390403145981
letters 8192 2.0790418784599753e-06 1.8816271040122955e-06 1.8735368212219328e-06 1.1049170550459875 1.1096882937715689 2.8570892754942178e-06 1.8709918212890625e-06 1.8619061279296875e-06 1.5270453045196963 1.5344969505369779
year_prediction_msd 8192 8.808613832419118e-08 5.580926275191208e-08 5.5087196718280517e-08 1.578342625950085 1.5990310557037306 2.9114792899539073e-08 4.794921875e-09 5.035400390625e-09 6.072005688213444 5.78202141655816
Geomean speedup (Total): 8192 1.9183757820091314
Geomean speedup (Kernel): 8192 3.416314435678955
Geomean speedup (AutoTune Total): 8192 1.9628010163624592
