array-default_sched, float, 64 , 1, 13.7004, 1.71491, 24.7299, 11.7914, 2.12688, 727.048, 1.71019, 1.6705
array-default_sched, float, 64 , 4, 13.2184, 1.98603, 14.9853, 11.7515, 2.4516, 821.687, 2.07272, 1.62883
array-default_sched, float, 64 , 8, 8.55172, 1.41507, 16.4822, 10.1824, 2.00853, 798.008, 1.49104, 1.21053
sparse-default_sched, float, 64 , 1, 16.6594, 1.97194, 28.4494, 13.4267, 2.431, 603.286, 1.95795, 1.70515
sparse-default_sched, float, 64 , 4, 11.8467, 1.55912, 15.5994, 11.5802, 2.04468, 475.514, 1.6413, 1.29741
sparse-default_sched, float, 64 , 8, 8.06554, 1.24834, 16.7022, 9.52656, 1.73151, 655.158, 1.25782, 1.03782
array-one_tree, float, 64 , 1, 9.16275, 1.3384, 16.6902, 8.30702, 2.44161, 367.218, 1.34231, 1.32566
array-one_tree, float, 64 , 4, 8.70718, 1.65688, 11.1603, 8.84817, 2.7753, 345.612, 1.83212, 1.41619
array-one_tree, float, 64 , 8, 6.14472, 1.25193, 10.6981, 7.41047, 2.40784, 304.229, 1.27589, 1.04026
sparse-one_tree, float, 64 , 1, 9.46869, 1.44333, 17.2957, 8.24526, 2.76881, 356.78, 1.44259, 1.37715
sparse-one_tree, float, 64 , 4, 7.80559, 1.35123, 11.8447, 8.02996, 2.39454, 234.565, 1.43619, 1.15501
sparse-one_tree, float, 64 , 8, 5.44559, 1.07832, 11.8608, 6.68892, 2.05305, 142.98, 1.08265, 0.879163
sparse_remove_extra_hop-prob-one_tree, float, 64 , 1, 9.46555, 1.43817, 17.3109, 8.40543, 2.75687, 358.599, 1.9791, 1.37418
sparse_remove_extra_hop-prob-one_tree, float, 64 , 4, 7.18704, 1.29408, 8.89281, 7.17635, 2.39141, 243.384, 1.37607, 1.13029
sparse_remove_extra_hop-prob-one_tree, float, 64 , 8, 5.1071, 0.990685, 6.93419, 5.67783, 2.04747, 143.489, 1.01601, 0.854027
array-pipelined_sched, float, 64 , 4, 6.61198, 1.04651, 10.9317, 7.60156, 2.03779, 272.233, 1.06129, 0.853942
array-pipelined_sched-4, float, 64 , 8, 4.53894, 0.80937, 8.95507, 5.94829, 1.79285, 251.822, 0.81934, 0.675605
array-pipelined_sched-8, float, 64 , 8, 4.37067, 0.720857, 8.16246, 5.31051, 1.61882, 234.077, 0.745005, 0.606195
sparse-pipelined_sched, float, 64 , 4, 6.70854, 0.995358, 11.0048, 7.54931, 1.88346, 174.931, 0.996835, 0.827868
sparse-pipelined_sched-4, float, 64 , 8, 4.36093, 0.74434, 8.81619, 5.65835, 1.55878, 121.344, 0.750066, 0.633876
sparse-pipelined_sched-8, float, 64 , 8, 3.98751, 0.620439, 7.50943, 4.66808, 1.35264, 108.189, 0.626321, 0.540388
array-default_sched, float, 128 , 1, 13.5964, 1.71359, 24.6901, 11.8904, 2.07858, 729.389, 1.70665, 1.67139
array-default_sched, float, 128 , 4, 13.1977, 1.9796, 14.9864, 11.7069, 2.43104, 820.851, 2.07048, 1.62564
array-default_sched, float, 128 , 8, 8.43915, 1.41618, 16.4943, 10.1701, 2.00535, 798.105, 1.49119, 1.21477
sparse-default_sched, float, 128 , 1, 16.8409, 1.97757, 28.5551, 13.3093, 2.41239, 602.998, 1.96291, 1.68866
sparse-default_sched, float, 128 , 4, 11.8538, 1.54539, 15.4665, 11.5929, 2.03275, 480.723, 1.63317, 1.28643
sparse-default_sched, float, 128 , 8, 7.78635, 1.24528, 16.5571, 9.5098, 1.70826, 634.862, 1.25525, 1.04072
array-one_tree, float, 128 , 1, 9.10982, 1.32727, 18.3697, 8.27562, 2.84399, 372.207, 1.32796, 1.33884
array-one_tree, float, 128 , 4, 8.58036, 1.61482, 11.9398, 8.74189, 3.0698, 324.607, 1.77136, 1.43346
array-one_tree, float, 128 , 8, 5.86595, 1.19015, 11.3052, 7.04421, 2.58283, 258.245, 1.21157, 1.05316
sparse-one_tree, float, 128 , 1, 9.36954, 1.40735, 19.1879, 8.19262, 3.06242, 365.848, 1.40715, 1.40538
sparse-one_tree, float, 128 , 4, 7.69032, 3.3873, 12.7046, 7.98501, 2.64562, 247.072, 1.41394, 1.17916
sparse-one_tree, float, 128 , 8, 5.32216, 1.04354, 12.6633, 6.48549, 2.25583, 140.208, 1.04797, 0.910609
sparse_remove_extra_hop-prob-one_tree, float, 128 , 1, 9.36934, 1.40676, 19.0974, 8.19576, 3.07446, 365.628, 1.40628, 1.4032
sparse_remove_extra_hop-prob-one_tree, float, 128 , 4, 7.03251, 1.2714, 9.18677, 7.08701, 2.67146, 250.145, 1.3546, 1.15937
sparse_remove_extra_hop-prob-one_tree, float, 128 , 8, 4.93009, 0.94888, 7.22302, 5.46464, 2.28993, 141.396, 0.973958, 0.884344
array-pipelined_sched, float, 128 , 4, 6.42107, 1.00953, 11.081, 7.25797, 2.22986, 220.617, 1.01407, 0.853203
array-pipelined_sched-4, float, 128 , 8, 4.35071, 0.77426, 9.24308, 5.6137, 1.93843, 192.014, 0.779016, 0.678224
array-pipelined_sched-8, float, 128 , 8, 4.24665, 0.700135, 8.54678, 5.05651, 1.78286, 180.677, 0.713974, 0.621453
sparse-pipelined_sched, float, 128 , 4, 6.62351, 0.973005, 11.2218, 7.28936, 2.09858, 169.035, 0.973615, 0.836281
sparse-pipelined_sched-4, float, 128 , 8, 4.59929, 0.721969, 9.19434, 5.43914, 1.7445, 122.177, 0.72788, 0.643297
sparse-pipelined_sched-8, float, 128 , 8, 3.92903, 0.607875, 7.94061, 4.51202, 1.5601, 106.574, 0.612651, 0.557219
array-default_sched, float, 256 , 1, 13.6993, 1.71214, 24.768, 11.8177, 2.03617, 723.909, 1.70987, 1.66704
array-default_sched, float, 256 , 4, 13.4889, 1.9795, 14.9949, 11.8902, 2.41546, 821.032, 2.07371, 1.61056
array-default_sched, float, 256 , 8, 8.42936, 1.41038, 16.3963, 10.2163, 1.98122, 799.531, 1.48832, 1.21031
sparse-default_sched, float, 256 , 1, 16.7382, 1.97749, 28.6285, 14.0552, 2.39532, 596.39, 1.96011, 1.69192
sparse-default_sched, float, 256 , 4, 11.8262, 1.52527, 15.4604, 11.6171, 1.9862, 480.074, 1.62899, 1.2847
sparse-default_sched, float, 256 , 8, 8.08282, 1.24971, 16.532, 9.42426, 1.67741, 639.407, 1.2502, 1.03523
array-one_tree, float, 256 , 1, 9.0935, 1.31434, 23.1896, 8.96795, 3.3453, 371.309, 1.31939, 1.4844
array-one_tree, float, 256 , 4, 8.74283, 1.56955, 14.2139, 9.11124, 3.21731, 317.293, 1.73868, 1.48218
array-one_tree, float, 256 , 8, 5.67406, 1.13103, 12.7801, 7.36867, 2.83493, 235.275, 1.15917, 1.06358
sparse-one_tree, float, 256 , 1, 9.31103, 1.38471, 23.8584, 8.95499, 3.48629, 369.655, 1.39233, 1.53031
sparse-one_tree, float, 256 , 4, 7.75718, 1.30953, 14.8085, 8.49814, 2.85398, 262.8, 1.40142, 1.23704
sparse-one_tree, float, 256 , 8, 5.28497, 1.01891, 15.0077, 6.93719, 2.54073, 137.918, 1.02688, 0.948265
sparse_remove_extra_hop-prob-one_tree, float, 256 , 1, 9.31151, 1.3845, 23.8236, 8.94719, 3.49105, 369.404, 1.39104, 1.53064
sparse_remove_extra_hop-prob-one_tree, float, 256 , 4, 6.9852, 1.2461, 10.141, 7.46981, 2.84589, 267.954, 1.33265, 1.22429
sparse_remove_extra_hop-prob-one_tree, float, 256 , 8, 4.94665, 0.918705, 8.03137, 5.80251, 2.52689, 139.622, 0.940608, 0.918722
array-pipelined_sched, float, 256 , 4, 6.30147, 0.977628, 11.9681, 7.13166, 2.39529, 188.866, 0.980123, 0.860843
array-pipelined_sched-4, float, 256 , 8, 4.2565, 0.741027, 10.2456, 5.5034, 2.28943, 155.597, 0.747645, 0.679487
array-pipelined_sched-8, float, 256 , 8, 4.10828, 0.670843, 9.78783, 5.09482, 2.22104, 148.068, 0.68082, 0.635993
sparse-pipelined_sched, float, 256 , 4, 6.55753, 0.953348, 12.1968, 7.26272, 2.25112, 165.999, 0.957003, 0.852388
sparse-pipelined_sched-4, float, 256 , 8, 4.25791, 0.706122, 10.2986, 5.44051, 2.13208, 117.837, 0.711752, 0.65909
sparse-pipelined_sched-8, float, 256 , 8, 3.86171, 0.597773, 9.12379, 4.63997, 1.89885, 105.201, 0.605078, 0.583371
array-default_sched, float, 512 , 1, 13.533, 1.71546, 24.9146, 11.901, 2.02328, 720.259, 1.72108, 1.66684
array-default_sched, float, 512 , 4, 13.315, 1.97529, 14.9495, 11.9759, 2.30173, 819.295, 2.0724, 1.60524
array-default_sched, float, 512 , 8, 8.48439, 1.41171, 16.3743, 10.2176, 1.86109, 799.332, 1.48945, 1.20961
sparse-default_sched, float, 512 , 1, 16.7752, 1.97652, 28.6293, 13.4221, 2.29152, 603.472, 1.96063, 1.686
sparse-default_sched, float, 512 , 4, 11.8115, 1.53782, 15.378, 11.6101, 1.89452, 475.369, 1.63952, 1.28245
sparse-default_sched, float, 512 , 8, 7.93371, 1.24344, 16.6588, 9.45607, 1.60001, 649.483, 1.26404, 1.03292
array-one_tree, float, 512 , 1, 9.08232, 1.31549, 29.6642, 9.48646, 3.53402, 376.432, 1.42408, 1.49465
array-one_tree, float, 512 , 4, 9.11609, 1.54226, 16.4361, 9.2697, 3.17033, 316.169, 1.76854, 1.46498
array-one_tree, float, 512 , 8, 5.54835, 1.0862, 15.0446, 7.33962, 3.01905, 231.156, 1.16339, 1.03782
sparse-one_tree, float, 512 , 1, 9.28106, 1.38012, 30.2754, 9.45537, 3.65195, 377.67, 1.49541, 1.53598
sparse-one_tree, float, 512 , 4, 7.58938, 1.27483, 17.0614, 8.71457, 2.88725, 281.378, 1.44468, 1.23312
sparse-one_tree, float, 512 , 8, 5.25857, 1.00086, 17.1768, 7.05549, 2.71807, 144.722, 1.0687, 0.941178
sparse_remove_extra_hop-prob-one_tree, float, 512 , 1, 9.2821, 1.37983, 30.2792, 9.45697, 3.64021, 378.012, 1.49449, 1.54096
sparse_remove_extra_hop-prob-one_tree, float, 512 , 4, 7.05348, 1.22756, 11.9428, 7.66312, 2.84917, 281.173, 1.37877, 1.22019
sparse_remove_extra_hop-prob-one_tree, float, 512 , 8, 5.04064, 0.895488, 9.79517, 5.86495, 2.60115, 148.315, 0.977643, 0.911842
array-pipelined_sched, float, 512 , 4, 6.24108, 0.954238, 13.8962, 7.02932, 2.36117, 177.197, 0.964792, 0.846686
array-pipelined_sched-4, float, 512 , 8, 4.1912, 0.720371, 13.1882, 5.39175, 2.30403, 141.713, 0.729889, 0.663132
array-pipelined_sched-8, float, 512 , 8, 4.11143, 0.660417, 12.4683, 5.05218, 2.42719, 136.895, 0.67123, 0.630254
sparse-pipelined_sched, float, 512 , 4, 6.5332, 0.943717, 14.1532, 7.20586, 2.36236, 166.258, 0.954154, 0.846973
sparse-pipelined_sched-4, float, 512 , 8, 4.23275, 0.696296, 12.6874, 5.40087, 2.18077, 124.637, 0.707728, 0.653021
sparse-pipelined_sched-8, float, 512 , 8, 3.84428, 0.592917, 12.2172, 4.68395, 2.07771, 109.122, 0.622005, 0.583516
array-default_sched, float, 1024 , 1, 13.5524, 1.71303, 24.6965, 11.9344, 1.97625, 727.472, 1.7049, 1.66649
array-default_sched, float, 1024 , 4, 13.4744, 1.96982, 14.9931, 11.9192, 2.24856, 820.371, 2.06168, 1.57776
array-default_sched, float, 1024 , 8, 8.54563, 1.41348, 16.4299, 10.3057, 1.77659, 796.652, 1.49201, 1.19672
sparse-default_sched, float, 1024 , 1, 16.7528, 2.00104, 28.4929, 13.5177, 2.28041, 596.519, 1.95422, 1.66814
sparse-default_sched, float, 1024 , 4, 11.8882, 1.53031, 15.4072, 11.5696, 1.87768, 473.43, 1.62948, 1.27389
sparse-default_sched, float, 1024 , 8, 8.11931, 1.23681, 16.6021, 9.48712, 1.57854, 658.478, 1.25874, 1.02941
array-one_tree, float, 1024 , 1, 9.0708, 1.36621, 33.5093, 9.61407, 3.86112, 371.384, 1.43426, 3.55021
array-one_tree, float, 1024 , 4, 9.21668, 2.47622, 17.9049, 9.35656, 3.12266, 309.706, 1.7474, 1.43923
array-one_tree, float, 1024 , 8, 5.4743, 1.0665, 16.5428, 7.39647, 2.76521, 222.23, 1.13615, 1.01356
sparse-one_tree, float, 1024 , 1, 9.26575, 1.41677, 33.7573, 9.71363, 3.92523, 375.81, 1.48918, 1.53294
sparse-one_tree, float, 1024 , 4, 7.58554, 1.30656, 18.2207, 9.03882, 2.93255, 287.668, 1.44168, 1.22072
sparse-one_tree, float, 1024 , 8, 5.2462, 1.01, 18.4805, 7.18195, 2.60083, 143.982, 1.05527, 0.930576
sparse_remove_extra_hop-prob-one_tree, float, 1024 , 1, 9.26621, 1.41457, 33.7658, 9.71232, 3.8916, 374.275, 1.48979, 1.52884
sparse_remove_extra_hop-prob-one_tree, float, 1024 , 4, 7.05543, 1.22934, 13.3247, 7.88109, 2.92642, 284.867, 1.34531, 1.2062
sparse_remove_extra_hop-prob-one_tree, float, 1024 , 8, 4.949, 0.908594, 10.9456, 5.94901, 2.5969, 145.098, 0.96373, 0.901172
array-pipelined_sched, float, 1024 , 4, 6.19644, 0.936357, 15.1203, 6.91842, 2.31345, 167.203, 0.948965, 0.834063
array-pipelined_sched-4, float, 1024 , 8, 4.18135, 0.705664, 14.2806, 5.31265, 2.18514, 128.821, 0.717266, 0.656572
array-pipelined_sched-8, float, 1024 , 8, 4.19549, 0.658975, 15.5656, 4.94376, 2.38826, 126.403, 0.674229, 0.627559
sparse-pipelined_sched, float, 1024 , 4, 6.52112, 0.933896, 15.4228, 7.14418, 2.26092, 165.402, 0.943887, 0.841348
sparse-pipelined_sched-4, float, 1024 , 8, 4.23897, 0.690312, 14.4498, 5.33329, 2.20078, 123.859, 0.700586, 0.651279
sparse-pipelined_sched-8, float, 1024 , 8, 3.85401, 0.592881, 15.7159, 4.57415, 2.32043, 108.135, 0.621035, 0.582979
array-default_sched, float, 2000 , 1, 13.5969, 1.72489, 24.6973, 11.8349, 2.05294, 727.395, 1.70793, 1.66853
array-default_sched, float, 2000 , 4, 13.4541, 1.98257, 15.0532, 11.8445, 2.43729, 819.379, 2.07499, 1.60987
array-default_sched, float, 2000 , 8, 8.49278, 1.41441, 16.5661, 10.2797, 2.00502, 797.501, 1.50059, 1.20863
sparse-default_sched, float, 2000 , 1, 16.6947, 1.97709, 32.0468, 13.4075, 2.45501, 596.245, 1.96154, 1.69274
sparse-default_sched, float, 2000 , 4, 11.8531, 1.533, 15.5638, 11.4925, 2.02263, 474.665, 1.63669, 1.2969
sparse-default_sched, float, 2000 , 8, 8.07703, 1.25194, 16.6277, 9.50467, 1.74586, 646.255, 1.26994, 1.04313
array-one_tree, float, 2000 , 1, 9.2547, 1.36739, 33.7002, 9.67887, 4.68558, 367.495, 1.43659, 1.55917
array-one_tree, float, 2000 , 4, 8.76319, 1.54397, 17.6467, 9.33759, 4.22812, 305.598, 1.74015, 1.49217
array-one_tree, float, 2000 , 8, 5.53925, 1.06103, 17.5287, 7.40137, 4.06861, 217.246, 1.12279, 1.05238
sparse-one_tree, float, 2000 , 1, 9.45158, 1.41579, 34.5984, 9.92217, 4.78657, 372.842, 1.48662, 1.59736
sparse-one_tree, float, 2000 , 4, 7.73655, 1.3049, 18.1233, 9.15678, 3.88266, 289.442, 1.44377, 1.27688
sparse-one_tree, float, 2000 , 8, 5.35999, 1.00317, 19.0711, 7.39131, 3.76099, 147.354, 1.04709, 0.974585
sparse_remove_extra_hop-prob-one_tree, float, 2000 , 1, 9.4514, 1.41626, 34.6008, 9.9183, 4.78271, 372.89, 1.48924, 1.59575
sparse_remove_extra_hop-prob-one_tree, float, 2000 , 4, 6.79768, 1.24741, 12.8529, 7.96307, 3.87915, 285.031, 1.36646, 1.2678
sparse_remove_extra_hop-prob-one_tree, float, 2000 , 8, 4.73457, 0.90442, 12.0811, 6.17791, 3.75359, 145.137, 0.96248, 0.94681
array-pipelined_sched, float, 2000 , 4, 6.17836, 0.92716, 15.7058, 6.88617, 3.21035, 161.161, 0.93684, 0.848365
array-pipelined_sched-4, float, 2000 , 8, 4.13642, 0.695, 15.3964, 5.26136, 3.05636, 122.273, 0.704005, 0.67842
array-pipelined_sched-8, float, 2000 , 8, 4.14962, 0.64936, 15.6615, 4.99256, 3.03646, 120.573, 0.659875, 0.68603
sparse-pipelined_sched, float, 2000 , 4, 6.51635, 0.927865, 15.5424, 7.14659, 2.99768, 165.075, 0.94179, 0.860235
sparse-pipelined_sched-4, float, 2000 , 8, 4.25561, 0.685945, 15.5606, 5.34659, 2.83386, 124.572, 0.695345, 0.672595
sparse-pipelined_sched-8, float, 2000 , 8, 3.90692, 0.591135, 14.4175, 4.65916, 2.7936, 108.426, 0.61659, 0.653955
