abalone 256 1.6063882378480767e-06 6.018886943497965e-07 5.534450493512615e-07 2.668912463264346 2.902525263765674 1.2025753817250652e-06 4.985807291666667e-07 2.411997318338121
airline 256 1.6284192241327737e-06 2.3388033432345236e-07 2.216069047809929e-07 6.962617138560691 7.348233240936644 9.824744656041104e-07 1.1468834005376343e-07 8.566472102949152
airline-ohe 256 2.5221526182146483e-06 1.709280856033807e-06 1.091100225445404e-06 1.47556360285168 2.3115682312182337 1.4566120901896108e-06 7.932117355510753e-07 1.8363471251186738
covtype 256 2.022358158262827e-06 9.55339931752733e-07 6.924508019320426e-07 2.1168990126398968 2.920580281833946 1.5677547743243555e-06 8.159532510080645e-07 1.9213781823743974
epsilon 256 2.587669208565707e-06 1.8726367883945023e-06 1.7577373693066258e-06 1.3818318771704976 1.472159182453101 1.0081174312740244e-06 4.320656922043011e-07 2.333250358599032
higgs 256 1.6418622646440741e-06 2.6223304811664806e-07 2.1472423067015987e-07 6.2610806549208515 7.6463762823589105 9.950052105611371e-07 1.2286710349462366e-07 8.098223057766443
letters 256 2.243284121035568e-05 3.223735749000503e-05 2.513146057965294e-05 0.6958647655072482 0.8926198753652174 2.2029279010190117e-05 3.211779737903226e-05 0.6858900923439938
year_prediction_msd 256 1.6596328507187546e-06 3.802312177515799e-07 2.5688590461848883e-07 4.364799030791466 6.4605835543352965 9.825023552102428e-07 1.7918808803763442e-07 5.4830785124728285
Geomean speedup (Total): 256 2.499883761190571
Geomean speedup (Kernel): 256 2.9127087888689815
Geomean speedup (AutoTune Total): 256 3.135706767066928
abalone 512 1.1316192232900195e-06 4.4773617345425816e-07 4.970108986728721e-07 2.5274241626707172 2.276849916795971 9.211734351184633e-07 3.9143489583333333e-07 2.3533247672192315
airline 512 8.023900186849965e-07 1.7691760634382565e-07 1.345288215412034e-07 4.535388168917534 5.9644469452164275 4.962059772676892e-07 1.1109266493055556e-07 4.466595320022878
airline-ohe 512 1.7683522051407231e-06 1.229612674150202e-06 1.182111031893227e-06 1.4381375878081686 1.49592733459952 1.1373646557331086e-06 6.295748697916667e-07 1.806559807746893
covtype 512 1.505678157425589e-06 8.8477972894907e-07 5.694923198057546e-07 1.7017548076220217 2.6438954575175897 1.281145390950971e-06 7.959592013888889e-07 1.6095616316960326
epsilon 512 2.0305755962100295e-06 1.4147959235641692e-06 1.3493573707011011e-06 1.435242752958025 1.504846410817751 6.635048840608861e-07 3.6782899305555555e-07 1.8038406340651694
higgs 512 8.070956812136703e-07 2.1020183339715003e-07 1.4854005227486291e-07 3.8396224627059468 5.433522264555263 5.056547104484505e-07 1.3399500868055556e-07 3.773683179900623
letters 512 2.1992148365825416e-05 2.9404416990776857e-05 3.2212179309378065e-05 0.7479198915157402 0.6827277395485859 2.181967052941521e-05 2.9330804036458332e-05 0.74391654938246
year_prediction_msd 512 8.149625630014472e-07 2.7754949405789376e-07 1.973455978764428e-07 2.9362783231428087 4.129621191305679 4.888256597850058e-07 1.6283810763888888e-07 3.001911941085864
Geomean speedup (Total): 512 2.2758226781158806
Geomean speedup (Kernel): 512 2.505200821617443
Geomean speedup (AutoTune Total): 512 2.7635488364231042
abalone 1024 8.680111551213832e-07 3.5332077892408484e-07 4.487236895199333e-07 2.4567226353474267 1.934400111681254 7.599545642733574e-07 3.2670479910714286e-07 2.3261199907385817
airline 1024 4.2207566799507253e-07 1.2024804683668272e-07 9.750343105267911e-08 3.510041776963937 4.328828877488769 2.949986429441543e-07 8.250232514880952e-08 3.575640352099956
airline-ohe 1024 1.455223731075724e-06 9.461740098361458e-07 9.487940198076623e-07 1.5380085649654793 1.5337614916362186 9.823093257312263e-07 5.524295479910715e-07 1.7781621734453328
covtype 1024 1.3544207017513967e-06 8.615475547100816e-07 5.960023762392146e-07 1.5720788647669846 2.2725088955145027 1.1192240552710636e-06 8.064462425595238e-07 1.3878470705236794
epsilon 1024 1.732646321345653e-06 1.252567550788323e-06 1.188147413943495e-06 1.3832757524775288 1.4582755481451166 5.074907537727129e-07 3.7739095052083333e-07 1.344734824913873
higgs 1024 4.219489970377513e-07 1.2834567487949417e-07 1.3023104873441514e-07 3.287598101252154 3.2400030648470555 3.009489072220666e-07 6.674711681547618e-08 4.5087926127812565
letters 1024 2.158785255492798e-05 2.938774281314441e-05 2.917584397697023e-05 0.7345869566162212 0.73992212777009 2.1541866340807506e-05 2.93605126953125e-05 0.7337019814455329
year_prediction_msd 1024 4.4276039781314987e-07 2.8757239869307903e-07 2.606837855031093e-07 1.539648449661194 1.6984577577720839 3.0008965127524874e-07 1.0410249255952381e-07 2.882636562267356
Geomean speedup (Total): 1024 2.1022790090335226
Geomean speedup (Kernel): 1024 2.326703747872646
Geomean speedup (AutoTune Total): 1024 2.4411530543078643
