abalone 4096 7.003807695582509e-07 4.401801076407234e-07 3.918192426984509e-07 1.5911231729942332 1.7875098852591906 6.453275758152207e-07 4.0702311197916666e-07 1.585481405901716
airline 4096 2.1381429784620802e-07 9.71076466764013e-08 8.451665053144097e-08 2.201827612594882 2.5298482192768295 1.8332211766391992e-07 5.4224446614583336e-08 3.380802001852363
airline-ohe 4096 1.1964673952509959e-06 8.64071383451422e-07 8.65355347438405e-07 1.3846858236085318 1.3826313072343486 8.677728086089094e-07 5.812369791666667e-07 1.4929759112248089
covtype 4096 1.0668540683885416e-06 4.2674558547635874e-07 3.809779688405494e-07 2.4999768121740633 2.800303838133621 1.0063653462566434e-06 3.96004638671875e-07 2.541296863672616
epsilon 4096 1.4414010608258346e-06 1.189055231710275e-06 1.1403010770057637e-06 1.212223807932453 1.2640530557163974 3.964168718084693e-07 3.5901041666666666e-07 1.1041932306285522
higgs 4096 2.2462316943953433e-07 1.1040392564609646e-07 9.432163399954637e-08 2.0345578123695667 2.3814596918519735 1.9093218725174666e-07 5.846354166666667e-08 3.2658334033260896
letters 4096 2.556275518145412e-05 2.5371983065269886e-05 1.6313623054884373e-05 1.0075190069177278 1.5669575725424474 2.5325339229311795e-05 2.5317540283203124e-05 1.0003080451742719
year_prediction_msd 4096 2.630137411567072e-07 1.3226002920418978e-07 1.1204159818589687e-07 1.9886109411835469 2.347465097028702 1.8997593239570658e-07 5.8146158854166666e-08 3.267213796051004
Geomean speedup (Total): 4096 1.668029711654974
Geomean speedup (Kernel): 4096 1.9836038349598808
Geomean speedup (AutoTune Total): 4096 1.9317010792350613
abalone 8192 6.529593762631217e-07 3.899453925744941e-07 3.912645721963296e-07 1.6744892713109367 1.66884359756313 6.39788971360152e-07 3.811458333333333e-07 1.6785936389881002
airline 8192 1.859767750526468e-07 5.312404634120564e-08 4.850119391145805e-08 3.500802138793295 3.8344782891769422 1.700442226137966e-07 3.905517578125e-08 4.35394846425024
airline-ohe 8192 1.19831621608076e-06 8.527091510283451e-07 8.517017219370852e-07 1.4053047450418723 1.4069669993801879 8.542646537534893e-07 5.872245279947917e-07 1.4547496111420368
covtype 8192 1.0305322454466175e-06 4.845794076876094e-07 3.881735998826722e-07 2.1266529883394547 2.6548231146015646 9.926596248988063e-07 4.47698974609375e-07 2.217247930408862
