abalone 2048 7.837620149883959e-07 3.344326331797573e-07 4.1064909762806365e-07 2.343557228660531 1.908593053084634 6.844595514444841e-07 3.1817464192708333e-07 2.1512071084575717
airline 2048 2.735679865711265e-07 8.752750646736887e-08 7.720664143562317e-08 3.1255087413362492 3.543321940758611 2.1931967542817195e-07 5.802897135416667e-08 3.7794858380239766
airline-ohe 2048 1.2937744355036152e-06 8.928264206689266e-07 8.669504637105597e-07 1.4490772288462173 1.4923279814238095 9.069535493229827e-07 5.882600911458334e-07 1.5417560412034534
covtype 2048 1.109727179735071e-06 4.937395634543565e-07 5.024143158354692e-07 2.2475962265836515 2.2087889312821347 1.0474738276874026e-06 4.550640190972222e-07 2.30181641204117
epsilon 2048 1.5609979163855315e-06 1.1996871843520138e-06 1.1608126806095243e-06 1.3011707858066952 1.344745747923667 4.336151242670086e-07 3.5562445746527776e-07 1.2193062517623543
higgs 2048 2.9044756148424413e-07 1.0761096038752132e-07 9.847235762410693e-08 2.6990518478629317 2.9495339452819187 2.270703488546941e-07 6.057725694444444e-08 3.748442242324391
letters 2048 2.2786006059808036e-05 2.8727753669954836e-05 2.8516552799070875e-05 0.7931704762436393 0.7990448993032022 2.2385579844315846e-05 2.8691774088541666e-05 0.78020898168356
year_prediction_msd 2048 3.0561201533095705e-07 1.221822134943472e-07 1.2437159764683908e-07 2.5012807231970493 2.4572492523474807 2.28071132571333e-07 5.8943956163194444e-08 3.869287835717825
Geomean speedup (Total): 2048 1.8948946816370227
Geomean speedup (Kernel): 2048 2.113493234354821
Geomean speedup (AutoTune Total): 2048 1.905217461246469
