abalone 8192 6.519393840183815e-07 3.811955684795976e-07 3.86548830041041e-07 1.7102491160079545 1.6865641113159318 6.3143748169144e-07 3.752620442708333e-07 1.6826574691783118
airline 8192 1.8415472974690298e-07 6.07961555942893e-08 4.76640707347542e-08 3.0290522146798535 3.863596350628667 1.6867973802921674e-07 3.92498779296875e-08 4.297586309220904
airline-ohe 8192 1.1900384076094876e-06 8.564543774506698e-07 8.557652957582225e-07 1.3894942205231844 1.3906130728929518 8.521762113862981e-07 5.882765706380209e-07 1.4485979111186809
covtype 8192 1.0276356382140268e-06 4.838335735257715e-07 3.866565142137309e-07 2.1239444603347466 2.657748157440803 9.92029090411961e-07 4.479443359375e-07 2.2146258158075587
epsilon 8192 1.5011273111061504e-06 1.207884536900868e-06 1.1293791855374972e-06 1.2427738457168023 1.329161481218312 3.786237114885201e-07 3.87386474609375e-07 0.9773797907382005
higgs 8192 2.0536414619224767e-07 7.168850667464236e-08 6.157453753985464e-08 2.864673233106821 3.3352121574493996 1.7589433506752054e-07 5.30072021484375e-08 3.3183101151982872
letters 8192 3.3574242115719245e-05 2.7047303010476753e-05 1.5204985975287855e-05 1.2413157091009883 2.2081074043926323 3.297744711744599e-05 2.7118352661132813e-05 1.2160564297369982
year_prediction_msd 8192 2.2725071175955235e-07 1.0698126667800049e-07 8.849330091228087e-08 2.1242103296789994 2.56799903966533 1.741812351004531e-07 5.57489013671875e-08 3.124388657513027
Geomean speedup (Total): 8192 1.8604333873523844
Geomean speedup (Kernel): 8192 2.0277805615864692
Geomean speedup (AutoTune Total): 8192 2.227172599063324
