abalone 2048 1.2829369451436732e-07 1.01389078837302e-07 5.529520826207267e-08 1.2653600958367408 2.320159350993254 8.935438624272743e-08 5.1837022569444445e-08 1.7237561459673372
airline 2048 9.5577755322059e-08 3.7495758280985885e-08 3.056193236261606e-08 2.5490284689222173 3.1273466019109293 6.186879343456692e-08 1.4200032552083333e-08 4.3569472962574265
airline-ohe 2048 4.535330744046304e-07 3.717753053125408e-07 3.791531263333228e-07 1.2199117798406707 1.196173901533172 1.1179557380576929e-07 5.635009765625e-08 1.9839464074712145
covtype 2048 1.4819748078783353e-07 1.2235541362315417e-07 9.560097371124559e-08 1.2112049348651712 1.5501670645683077 1.0884418669674132e-07 8.364556206597223e-08 1.3012547708256732
epsilon 2048 1.1902005644515158e-06 8.399671383409037e-07 8.440900516385833e-07 1.416960866829136 1.4100397962765323 8.444806250433127e-08 2.5726182725694445e-08 3.2825725994703205
higgs 2048 1.0154953795588679e-07 4.199055385672384e-08 3.837585811399751e-08 2.4183900574968464 2.646182859396356 6.506019013209475e-08 1.153076171875e-08 5.642315028182513
letters 2048 2.18569398081551e-06 1.8130089544380705e-06 2.7854847333704433e-06 1.2055616026965243 0.7846727553845951 2.2095472862323123e-06 1.7906949869791666e-06 1.2339048817910265
year_prediction_msd 2048 1.1182610049015945e-07 1.0593179872052537e-07 1.0560201998386118e-07 1.0556424212637485 1.058939028886469 6.240262236032222e-08 1.005615234375e-08 6.205417363143477
Geomean speedup (Total): 2048 1.4612201936640452
Geomean speedup (Kernel): 2048 2.690973025287411
Geomean speedup (AutoTune Total): 2048 1.5941701618881037
