abalone 4096 9.222703132157524e-08 6.642658263444901e-08 5.27313871619602e-08 1.3884054796121041 1.7489968742583493 6.881173855314653e-08 3.8017985026041666e-08 1.809978580032889
airline 4096 6.018972878033917e-08 4.4467936580379806e-08 4.4211919885128734e-08 1.3535534456729468 1.3613914287532394 3.970635589212179e-08 7.682698567708333e-09 5.168282413033129
airline-ohe 4096 4.083506064489484e-07 3.679866010012726e-07 3.6130969723065693e-07 1.1096887912164393 1.1301955346863024 9.202388658498724e-08 5.3742268880208334e-08 1.7123185995386376
covtype 4096 1.4464564931889375e-07 9.480572771281004e-08 9.948154911398887e-08 1.5257058071117933 1.4539947418104089 8.760233564923207e-08 5.9080403645833337e-08 1.482764677343403
epsilon 4096 1.1628238523068527e-06 8.195387393546601e-07 8.28391833541294e-07 1.4188760048396372 1.4037123559462128 5.997707679246863e-08 3.390055338541667e-08 1.769206422992185
higgs 4096 6.076452943185966e-08 3.373735429098209e-08 3.41809936799109e-08 1.8011053536614121 1.7777285821732158 3.9824905494848884e-08 7.790120442708334e-09 5.112232318837326
letters 4096 2.712707791943103e-06 2.4772013421170415e-06 1.8420821288600564e-06 1.0950695633100196 1.4726312955556544 2.5677532539702952e-06 2.42761962890625e-06 1.0577247042310254
year_prediction_msd 4096 1.178651776475211e-07 7.786836552744111e-08 7.231195922940969e-08 1.5136464833846417 1.6299541445640247 3.997702151536941e-08 8.058675130208333e-09 4.960743654439377
Geomean speedup (Total): 4096 1.3842090410133154
Geomean speedup (Kernel): 4096 2.407122126896931
Geomean speedup (AutoTune Total): 4096 1.4833296651944559
abalone 8192 6.773494533263147e-08 4.268392027976612e-08 4.551072682564457e-08 1.586896069730046 1.4883292370198733 5.8680937703077995e-08 3.36578369140625e-08 1.7434554054351799
airline 8192 3.9931231488784154e-08 1.947036556278666e-08 1.9896057589600484e-08 2.0508722016552148 2.006992154549045 2.871563386482497e-08 5.4248046875e-09 5.293394973461885
airline-ohe 8192 4.184505087323487e-07 3.316115665559967e-07 3.3259047389340896e-07 1.261869460942606 1.258155424098096 8.379332333182296e-08 5.21563720703125e-08 1.606578832186801
covtype 8192 1.1657223997948071e-07 9.329596650786698e-08 9.810663565682869e-08 1.249488529277962 1.1882197284518412 7.69274386887749e-08 5.659322102864583e-08 1.359304829987261
epsilon 8192 1.172123981329302e-06 7.923789962660522e-07 7.942862672886501e-07 1.4792466570324705 1.4756946325289326 4.788365913555026e-08 3.136881510416667e-08 1.5264733135932174
higgs 8192 5.8679191473250586e-08 3.646321905155976e-08 3.7566011693949504e-08 1.609270739104986 1.5620287815302372 2.93845369014889e-08 6.3492838541666665e-09 4.628008067745394
letters 8192 3.0180509202182294e-06 2.4932698579505088e-06 1.9850114767905326e-06 1.2104790464595339 1.5204198844723897 3.007032064488158e-06 2.4753692626953126e-06 1.2147812085272252
year_prediction_msd 8192 8.697878608169654e-08 5.733386691038807e-08 5.605703336186707e-08 1.5170577316482596 1.5516123645041848 2.8793098560223978e-08 5.693155924479166e-09 5.057493408255473
Geomean speedup (Total): 8192 1.428991912553693
Geomean speedup (Kernel): 8192 2.3692812086212216
Geomean speedup (AutoTune Total): 8192 1.4866221312882528
