abalone 2048 1.2756377044651244e-07 1.007251881269945e-07 9.105081618246105e-08 1.266453533804075 1.4010173197226627 8.887326758768823e-08 5.18505859375e-08 1.7140262926790235
airline 2048 9.618803030914731e-08 3.7598397789729965e-08 3.1328139205773673e-08 2.558301309728181 3.070339724850947 6.142415158036682e-08 1.4198676215277777e-08 4.326047770162857
airline-ohe 2048 4.5542249507788154e-07 3.7892449957629043e-07 3.8777749675015606e-07 1.2018818935886446 1.1744428155182738 1.1116408536003696e-07 5.646674262152778e-08 1.9686647431590287
covtype 2048 1.5074025011724897e-07 1.3033704211314518e-07 8.075911965635087e-08 1.1565418983990126 1.866541521981472 1.0956531494028039e-07 8.355278862847222e-08 1.3113304383828057
epsilon 2048 1.196578507208162e-06 8.498970419168473e-07 8.549095622988211e-07 1.4079099563747317 1.3996550746146825 8.400710713532236e-08 2.573269314236111e-08 3.2646061051818176
higgs 2048 1.0179258727778991e-07 4.9673447695871194e-08 4.627043381333351e-08 2.0492353963634944 2.199948841812174 6.432328114493026e-08 1.1567111545138888e-08 5.560876705815317
letters 2048 2.1963824595635135e-06 1.8095180469875534e-06 2.5075303468232354e-06 1.2137941720006626 0.8759146075125623 2.194330251465241e-06 1.7873209635416667e-06 1.2277203122583338
year_prediction_msd 2048 1.1218815214104122e-07 1.1109908680535025e-07 1.0621533470435274e-07 1.0098026488516423 1.0562330990465139 6.2008879871832e-08 9.991048177083334e-09 6.20644388584403
Geomean speedup (Total): 2048 1.4133966247979732
Geomean speedup (Kernel): 2048 2.6783271770221315
Geomean speedup (AutoTune Total): 2048 1.5088439529939734
