abalone 256 6.781862948530464e-07 1.7833275099595387e-07 1.8314218088503808e-07 3.802926221154036 3.7030589653115316 4.070393881329926e-07 8.393355174731183e-08 4.849543235801755
airline 256 6.485530625908605e-07 1.5146624777586228e-07 1.6211331771906986e-07 4.281832237308609 4.0006155676534485 3.7312582736053773e-07 4.6586231518817205e-08 8.00935845626028
airline-ohe 256 8.066024591204941e-07 5.823267143099539e-07 5.688674507602569e-07 1.3851373108930831 1.4179093179659317 4.2429078690787796e-07 1.1538894489247311e-07 3.677048848165304
covtype 256 6.930871055491509e-07 2.5487780290585693e-07 2.748219256279289e-07 2.7192917454846133 2.521949818834672 4.258179055747165e-07 1.3792989751344087e-07 3.087205263334744
epsilon 256 1.9398256535491635e-06 1.3816241495391374e-06 1.3262925228925162e-06 1.404018346231298 1.462592618194507 3.933506487037546e-07 6.965977822580646e-08 5.646739893840665
higgs 256 6.397128585846193e-07 1.750498889915405e-07 1.6783228925158901e-07 3.654460235707629 3.811619691522277 3.727176477031041e-07 4.852885584677419e-08 7.680330417843127
letters 256 2.497726780993323e-06 2.6858665589844026e-06 2.662397981170685e-06 0.9299519265535588 0.9381492919758923 2.2024060449292584e-06 2.584537550403226e-06 0.8521470483513195
year_prediction_msd 256 6.434910239711885e-07 2.294266095725439e-07 1.832670582238064e-07 2.8047793809537116 3.511220348096355 3.604679518649655e-07 6.341355846774193e-08 5.6843987401895015
Geomean speedup (Total): 256 2.3135635104172234
Geomean speedup (Kernel): 256 4.1767889355075924
Geomean speedup (AutoTune Total): 256 2.363221426341319
abalone 512 3.5742918650309247e-07 1.021058609088262e-07 1.0427206547723876e-07 3.500574632265754 3.4278517920134095 2.2339774295687675e-07 5.026649305555556e-08 4.444267530459564
airline 512 3.322217509978347e-07 8.507254016068246e-08 8.294922817084524e-08 3.905158472643984 4.005121666877704 1.932135783135891e-07 2.657986111111111e-08 7.269171855560243
airline-ohe 512 7.950710650119516e-07 6.012133219175869e-07 6.049595152338346e-07 1.3224441908174123 1.3142549955671552 2.451676150990857e-07 7.1443359375e-08 3.4316361554643886
covtype 512 4.024994559586048e-07 1.6054055756992764e-07 1.448232473598586e-07 2.5071512273980088 2.7792461728086315 2.516693332129055e-07 8.333181423611112e-08 3.0200870522250884
epsilon 512 1.5002069477405814e-06 1.0660342458221648e-06 1.0644601554506354e-06 1.4072783811776766 1.4093594204148243 2.2524527998434174e-07 4.2725043402777776e-08 5.271973110966983
higgs 512 3.43265218867196e-07 9.673813150988685e-08 8.618293537033928e-08 3.548396206434001 3.982983607974603 2.0065779487291972e-07 2.9621961805555557e-08 6.773953602063137
letters 512 2.1857419051229955e-06 2.4399560255308944e-06 2.4285527567068736e-06 0.895812007369032 0.9000182924116787 2.0340797491371633e-06 2.3864973958333334e-06 0.8523285014634971
year_prediction_msd 512 3.3895873154203096e-07 2.823845586842961e-07 2.692873693174786e-07 1.2003444279011883 1.2587249539446934 1.9191572856571938e-07 2.9e-08 6.617783743645496
Geomean speedup (Total): 512 2.14428563468397
Geomean speedup (Kernel): 512 4.094775213153411
Geomean speedup (AutoTune Total): 512 2.2040972956675295
abalone 1024 2.066848710888908e-07 7.25086179694959e-08 8.012339960606326e-08 2.8504869748840385 2.579581896238588 1.345966233029252e-07 4.3962518601190475e-08 3.0616222087712783
airline 1024 1.8253296037160214e-07 5.053938366472721e-08 4.801671907660507e-08 3.6116973958864635 3.8014459105461187 1.0914629369619347e-07 1.731329055059524e-08 6.3041911863739255
airline-ohe 1024 6.237599466528211e-07 4.665321847867398e-07 4.715719149403629e-07 1.3370137516620701 1.3227249691740117 1.5836696894395919e-07 6.606654575892857e-08 2.397082625173523
covtype 1024 2.3782048152670975e-07 1.1289425726447787e-07 1.1251152803500494e-07 2.1065773165907515 2.113743237517122 1.5953932667062396e-07 4.912248883928572e-08 3.2477859009259396
epsilon 1024 1.2706466839604435e-06 9.282011472220932e-07 9.27384632329146e-07 1.3689346191428617 1.3701398962900513 1.327681266480968e-07 3.582938058035714e-08 3.7055657814214267
higgs 1024 1.824563480026665e-07 6.071214253703753e-08 5.640860070430097e-08 3.0052694630461896 3.234548379583449 1.0744169620530946e-07 1.5630580357142857e-08 6.873813623702769
letters 1024 2.0820712338068655e-06 1.8748158722051552e-06 2.6569161231496505e-06 1.1105470487392113 0.7836420636940044 2.031641114237053e-06 1.846166294642857e-06 1.1004648498525842
year_prediction_msd 1024 1.8565654976382142e-07 9.645718992466018e-08 9.423143984306426e-08 1.9247559451901117 1.970218751544274 1.0719362069808301e-07 1.6962425595238097e-08 6.319474776542321
Geomean speedup (Total): 1024 2.0947242457458435
Geomean speedup (Kernel): 1024 3.9132273265893236
Geomean speedup (AutoTune Total): 1024 2.1063883902131804
