abalone 16384 5.98593275450791e-08 4.845809598919004e-08 4.627552698366344e-08 1.2352802214604641 1.293541780004172 5.4975389502942564e-08 3.8235270182291666e-08 1.4378187793845887
airline 16384 3.1047772305707136e-08 1.923753491913279e-08 1.957851054612547e-08 1.6139163586301493 1.5858086973756744 2.314419058772425e-08 3.854878743489583e-09 6.003869934122298
airline-ohe 16384 5.523980992923801e-07 3.229022695450112e-07 3.2378263616313535e-07 1.7107284506570435 1.7060769713853914 7.972305562968055e-08 5.185211181640625e-08 1.5375083644029288
covtype 16384 1.0140603990294039e-07 8.54146007137994e-08 6.655177761179706e-08 1.1872213773231097 1.5237164737274427 7.290228192384044e-08 5.288421630859375e-08 1.3785262789645183
epsilon 16384 1.1274434897738198e-06 7.861773337936029e-07 7.86574479813377e-07 1.4340829241838844 1.4333588473927066 4.1810878125640255e-08 2.804351806640625e-08 1.4909284215565712
higgs 16384 4.553759936243296e-08 2.5801612840344508e-08 2.5788467610254885e-08 1.764912900763646 1.765812534914822 2.3922790812018016e-08 4.751383463541667e-09 5.034910567749891
letters 16384 3.0719741334905846e-06 2.4022450088523327e-06 2.4024715094128622e-06 1.278793013273119 1.2786724510382816 3.0337611678987743e-06 2.3663092041015627e-06 1.2820645597119371
year_prediction_msd 16384 1.250209364419182e-07 4.771752477002641e-08 4.627242257508139e-08 2.620021408160921 2.701845494237089 2.3553632975866396e-08 5.101216634114584e-09 4.617257933793787
Geomean speedup (Total): 16384 1.5558590193275914
Geomean speedup (Kernel): 16384 2.310807767395787
Geomean speedup (AutoTune Total): 16384 1.6165221996973693
