abalone 256 6.596706507186736e-07 1.7505399482224578e-07 1.7881413461059652e-07 3.768383871436466 3.689141533219609 3.845044862358801e-07 8.308341733870968e-08 8.145518313172043e-08 4.627932968480995 4.720442229122503
airline 256 6.331238014403209e-07 1.5020185220305638e-07 1.474392790627736e-07 4.2151530900192045 4.294132509768735 3.5562572540134514e-07 4.610509072580645e-08 4.3414398521505376e-08 7.713372206906652 8.191423525657864
airline-ohe 256 7.971052721302996e-07 5.657655958046195e-07 5.52799082010664e-07 1.4088966844947046 1.4419439142898627 4.2376509036428184e-07 9.974546370967742e-08 9.917422715053763e-08 4.2484647883106454 4.272935646083172
covtype 256 7.101502369648667e-07 2.3635735194529256e-07 2.3362812616171374e-07 3.0045616568307065 3.0396607147947234 4.190336211874921e-07 1.158287130376344e-07 1.1538810483870968e-07 3.6177007427453853 3.6315148929191645
epsilon 256 1.8989522090201737e-06 1.0211739228457532e-06 1.013137960946688e-06 1.8595776552227994 1.8743273692417668 3.994535654783249e-07 5.324029737903226e-08 5.279023857526882e-08 7.502842492304383 7.566807354143328
higgs 256 6.595569893076856e-07 1.5480508927696494e-07 1.633317980875251e-07 4.2605639930070955 4.038141972540134 3.690564484205297e-07 4.5602738575268816e-08 4.3743699596774195e-08 8.09285713864289 8.436790939551559
letters 256 2.4769991456020265e-06 2.6843528593740157e-06 2.662530168890953e-06 0.9227546732360873 0.9303177761301359 2.233868224486228e-06 2.5841009324596775e-06 2.57404296875e-06 0.8644663203460554 0.86784418582221
year_prediction_msd 256 6.485032919113354e-07 1.8328283062224748e-07 1.842278226088452e-07 3.5382653667539876 3.5201159234685506 3.494606203129215e-07 4.5827872983870965e-08 4.618384576612903e-08 7.625503815896354 7.566728463509938
Geomean speedup (Total): 256 2.541255624639633
Geomean speedup (Kernel): 256 4.652699905010027
Geomean speedup (AutoTune Total): 256 2.5378952577937697
abalone 512 3.7445660887493025e-07 1.0233196533388562e-07 1.0405713692307473e-07 3.6592340199190416 3.5985672866605105 2.280160163839658e-07 5.039561631944445e-08 5.0376953125e-08 4.524520842023892 4.526197045267728
airline 512 3.447672352194786e-07 8.03875219490793e-08 8.372983170880211e-08 4.288815314370159 4.117615289357316 1.9688578322529794e-07 2.401931423611111e-08 2.291948784722222e-08 8.196977702606345 8.59032211093495
airline-ohe 512 7.7931789888276e-07 6.013492432733377e-07 6.053162117799124e-07 1.2959489142127818 1.287455851531221 2.454204691780938e-07 7.120724826388889e-08 7.560980902777778e-08 3.446565836508432 3.245881352351127
covtype 512 3.995032360156377e-07 1.473924559023645e-07 1.4122741089926825e-07 2.7104727549982344 2.828793882659132 2.477808545033137e-07 7.016362847222222e-08 7.003059895833334e-08 3.531471503093802 3.538179855504846
epsilon 512 1.5144979374276268e-06 1.0667697836955389e-06 1.06679725771149e-06 1.4197045703535522 1.4196680076555044 2.2625959374838404e-07 4.143988715277778e-08 4.130295138888889e-08 5.459947149813065 5.478049053154377
higgs 512 3.489464417927795e-07 8.446557654274835e-08 8.963219200571378e-08 4.1312266615048365 3.8930928049883597 1.9655485327045124e-07 2.4508680555555555e-08 2.4319227430555556e-08 8.019805587857187 8.082281965235977
letters 512 2.261246864994367e-06 2.442043119420608e-06 2.4281530641019344e-06 0.9259651670404836 0.9312620766890168 2.0542598019043603e-06 2.3879186197916666e-06 2.5554622395833332e-06 0.8602721151709868 0.8038701453242002
year_prediction_msd 512 3.373696882691648e-07 1.2237242319517665e-07 1.24054081324074e-07 2.75690943645923 2.7195371943292503 1.869605750673347e-07 2.4989149305555556e-08 2.409939236111111e-08 7.4816702554084085 7.7578958118890435
Geomean speedup (Total): 512 2.4255771329481974
Geomean speedup (Kernel): 512 4.496630774694177
Geomean speedup (AutoTune Total): 512 2.410580793692481
abalone 1024 2.1111536105828625e-07 7.390327352498258e-08 7.678732453357605e-08 2.856644245764295 2.7493516975705266 1.344802634169658e-07 4.3836495535714284e-08 4.514485677083333e-08 3.0677694868971135 2.978861226642528
airline 1024 1.7865378010485853e-07 4.6998473061692146e-08 4.6143208497336935e-08 3.801267753323606 3.8717242671837435 1.0535642061205138e-07 1.4396856398809524e-08 1.3851143973214286e-08 7.318015662138806 7.606333514097641
airline-ohe 1024 6.66876689397863e-07 4.6543793619743416e-07 4.606026535232862e-07 1.4327940151293996 1.4478351010284582 1.5334874790694032e-07 6.629720052083333e-08 7.072637648809524e-08 2.3130501243223955 2.168197432435298
covtype 1024 2.3132012713523137e-07 1.0172736697963306e-07 1.0033853219023773e-07 2.27392228859658 2.305396761202944 1.5362964144774845e-07 4.9151088169642855e-08 4.890159970238095e-08 3.125661041674243 3.1416076852853636
epsilon 1024 1.275286278022187e-06 9.183376650547698e-07 9.119095990345591e-07 1.3886899411298008 1.3984788397581687 1.3284551511917794e-07 3.2110305059523807e-08 3.24662853422619e-08 4.137161415094573 4.091799037638924
higgs 1024 1.893993577964249e-07 5.587353371083736e-08 5.66345573003803e-08 3.389786634520461 3.3442365725908676 1.1056656062248207e-07 1.496279761904762e-08 1.43505859375e-08 7.389431003312576 7.704672206697627
letters 1024 2.0628385911030427e-06 1.8785784154066017e-06 1.866856390344245e-06 1.0980848998291932 1.1049797947889601 2.0166712680033276e-06 1.8444161551339285e-06 1.836284877232143e-06 1.0933927586732133 1.0982344259367227
year_prediction_msd 1024 1.8386929739444028e-07 8.815073496883824e-08 8.817285387998535e-08 2.0858509853541105 2.085327731874372 1.038690208501759e-07 1.4612630208333333e-08 1.515811011904762e-08 7.1081673435451185 6.8523727585046705
Geomean speedup (Total): 1024 2.312615480563969
Geomean speedup (Kernel): 1024 4.230088115250554
Geomean speedup (AutoTune Total): 1024 2.3034361141272317
abalone 2048 1.2738688383251427e-07 5.3682209302981694e-08 5.385004139194886e-08 2.372981393398777 2.365585625186909 9.012563774983088e-08 3.6235894097222224e-08 3.657687717013889e-08 2.4871923267029237 2.464005807018671
airline 2048 1.007724010075132e-07 3.327007612420453e-08 3.191176801919937e-08 3.0289200611176126 3.1578444963276424 6.319094811462694e-08 1.0201551649305555e-08 1.1188151041666667e-08 6.194248707149221 5.648024224851148
airline-ohe 2048 5.333534338408046e-07 3.790885805048876e-07 3.848120751273301e-07 1.406936165501108 1.3860101288773847 1.1167094473623567e-07 5.673583984375e-08 6.549072265625e-08 1.9682610682026822 1.7051414338848885
covtype 2048 1.5167584125366476e-07 9.8486068762011e-08 9.817090661575397e-08 1.5400740750469535 1.5450182389303166 1.0934632478488817e-07 5.5725640190972224e-08 5.562472873263889e-08 1.962226443880365 1.9657862119285643
epsilon 2048 1.1978267381588619e-06 8.49182833917439e-07 8.489197352901101e-07 1.4105640037882814 1.4110011681487369 8.474084703872601e-08 2.5841742621527777e-08 2.9493001302083334e-08 3.2792233975789085 2.8732527480253447
higgs 2048 1.0441510110265679e-07 4.099778986225526e-08 3.941111370093293e-08 2.546847072817134 2.6493821487766054 6.512098480015993e-08 1.1055501302083334e-08 1.045166015625e-08 5.890369239781856 6.230683338973489
letters 2048 2.414171467535198e-06 1.8111303991948565e-06 1.7943002361183366e-06 1.3329639150270047 1.3454668393500562 2.3254882156228027e-06 1.7878572591145834e-06 1.7758732096354167e-06 1.3007124611136323 1.3094900035685662
year_prediction_msd 2048 1.119798980653286e-07 1.0598929495447212e-07 1.0717705461300082e-07 1.056520831782396 1.0448122358808056 6.241452259322007e-08 9.568413628472223e-09 1.001736111111111e-08 6.522974969173205 6.230635184349179
Geomean speedup (Total): 2048 2.1495269390593617
Geomean speedup (Kernel): 2048 3.9302530161236255
Geomean speedup (AutoTune Total): 2048 2.147465889283232
abalone 4096 8.975349677105745e-08 5.091297983502348e-08 4.882235468054811e-08 1.76288044938425 1.8383688652120092 6.935598018268744e-08 3.828857421875e-08 3.7986653645833333e-08 1.8114014845902426 1.8257986299431495
airline 4096 6.15222961641848e-08 2.1615414880216123e-08 2.126354956999421e-08 2.846223239531439 2.8933220185872077 4.021945642307401e-08 6.832275390625e-09 6.8412272135416666e-09 5.8866854925464045 5.878982698230339
airline-ohe 4096 4.055656609125435e-07 3.5388579514498514e-07 3.5213364753872154e-07 1.1460354342461962 1.1517378806237095 9.206036338582635e-08 6.2186279296875e-08 6.260782877604167e-08 1.4803967117301484 1.470428941325232
covtype 4096 1.4368716316918532e-07 7.225084118545055e-08 7.13175783554713e-08 1.9887265090848547 2.0147510120576326 8.815482336406906e-08 3.7765299479166664e-08 3.8223470052083336e-08 2.3342810617111596 2.3063008995245387
epsilon 4096 1.1289477697573602e-06 8.532552359004816e-07 8.223917878543338e-07 1.3231067589827643 1.3727614823378138 6.04539915608863e-08 3.4203694661458333e-08 3.1793619791666666e-08 1.7674696303790693 1.901450415429945
higgs 4096 6.267073331400752e-08 3.1905850240339835e-08 3.2507329403112334e-08 1.96423956239757 1.9278954766431002 4.036012493694822e-08 7.41943359375e-09 7.421061197916667e-09 5.439785183999339 5.438592117833312
letters 4096 2.762414806056768e-06 1.976025814656168e-06 1.8471383373253048e-06 1.3979649382958252 1.4955105149605648 2.6862192316912113e-06 1.95547607421875e-06 1.837518310546875e-06 1.3736906664861175 1.4618734497898684
year_prediction_msd 4096 1.1512000734607379e-07 7.634216065828999e-08 7.188811044519147e-08 1.5079479851422428 1.6013775662366718 4.050826343397299e-08 7.50244140625e-09 6.7647298177083334e-09 5.3993441921755085 5.988156885132753
Geomean speedup (Total): 4096 2.0454917709697047
Geomean speedup (Kernel): 4096 3.6393675612869236
Geomean speedup (AutoTune Total): 4096 2.0552997782278593
abalone 8192 6.92387402523309e-08 4.2945854753876726e-08 4.1859990839535993e-08 1.6122333726768057 1.6540553130493325 5.927746921467285e-08 3.3694864908854164e-08 3.363911946614583e-08 1.759243415132263 1.7621587650155133
airline 8192 4.056225103947023e-08 1.976770969728629e-08 1.9611373621349534e-08 2.051944897037749 2.068302395468767 2.8978004896392424e-08 5.277913411458333e-09 5.261637369791666e-09 5.490428250202299 5.507412020212978
airline-ohe 8192 6.683264412761977e-07 3.2870787739132844e-07 3.279809122129033e-07 2.0331926529419664 2.0376991964775217 8.41404350164036e-08 5.24591064453125e-08 5.228678385416667e-08 1.6039242891816736 1.6092103742903772
covtype 8192 1.142314674022297e-07 6.779320149992903e-08 6.691601204996308e-08 1.6849988623468282 1.7070871963639789 7.693107666758199e-08 3.194661458333333e-08 3.100870768229167e-08 2.408113587964254 2.480950752795012
epsilon 8192 1.1957077367696912e-06 8.148523920681328e-07 7.918569220540424e-07 1.4673918226280591 1.5100047792321842 4.865166071491937e-08 3.1822916666666664e-08 2.9583740234375e-08 1.5288246902233256 1.644540559424879
higgs 8192 5.771541812767585e-08 2.6482642473032076e-08 2.6800747339924177e-08 2.1793677948282117 2.1535003257800622 2.994886017404497e-08 5.705973307291666e-09 5.688273111979166e-09 5.248685642425509 5.265017973728168
letters 8192 2.959412231575698e-06 1.8829356122296304e-06 1.8743539112620055e-06 1.571701237341507 1.5788972476297825 2.9662332963198423e-06 1.8673529052734375e-06 1.8611065673828126e-06 1.588469585980854 1.5938008861529718
year_prediction_msd 8192 8.702229630822937e-08 5.5332590515414875e-08 5.653802266654869e-08 1.5727132147190217 1.5391818143600735 2.90931590522329e-08 4.7784423828125e-09 5.027669270833334e-09 6.088418928493854 5.7866095570384894
Geomean speedup (Total): 8192 1.9937484454768195
Geomean speedup (Kernel): 8192 3.464495730095137
Geomean speedup (AutoTune Total): 8192 2.003735025887407
