abalone 16384 5.991993627200524e-08 4.322088595169286e-08 4.4389550263683e-08 1.3863652942925924 1.3498658111215043 5.4827348018685974e-08 3.3142598470052085e-08 3.3141682942708334e-08 1.6542863429440633 1.6543320420228935
airline 16384 3.110045023883382e-08 1.9665652265151343e-08 1.9492144929245114e-08 1.5814603970164567 1.5955376051084118 2.3125782414960364e-08 3.8398234049479164e-09 3.953450520833333e-09 6.022616140409208 5.849518614965684
airline-ohe 16384 4.6601395297329874e-07 3.2566107014038913e-07 3.231290611438453e-07 1.4309783873534683 1.4421913996953877 7.975737389642746e-08 5.215504964192708e-08 5.243214925130208e-08 1.5292358926701328 1.5211540063741862
covtype 16384 1.0126544414864233e-07 5.5422812389830747e-08 5.559576190231989e-08 1.8271437298483795 1.8214597782932216 7.288578975324829e-08 2.847503662109375e-08 2.8487040201822916e-08 2.5596381392976304 2.5585595848804346
epsilon 16384 1.1358865352425104e-06 7.861922980130961e-07 7.828406281381224e-07 1.444794788899839 1.4509805628561443 4.214853106532246e-08 2.9104105631510417e-08 2.9566650390625e-08 1.4481988073768228 1.4255429853726997
higgs 16384 5.185036570765078e-08 2.5707995519042017e-08 2.5127786405694983e-08 2.0168964814563237 2.063467305496491 2.396368169380973e-08 4.19952392578125e-09 4.5203653971354164e-09 5.706285311697966 5.3012709346451645
letters 16384 3.0826922738924623e-06 1.668432669248432e-06 1.6737510304665193e-06 1.847657583497872 1.841786632408067 3.121786503470503e-06 1.5839523315429688e-06 1.6509780883789063e-06 1.9708841240376787 1.8908709482242625
year_prediction_msd 16384 7.36243964638561e-08 4.631214930365483e-08 4.622636576338361e-08 1.5897425960760985 1.5926927252017455 2.3700146509024004e-08 4.003499348958333e-09 4.2851765950520835e-09 5.919857715273645 5.5307280769687726
Geomean speedup (Total): 16384 1.6268498907221385
Geomean speedup (Kernel): 16384 2.7983392814718147
Geomean speedup (AutoTune Total): 16384 1.629422948822396
