array-one_tree, float, 64 , 1, 13.954, 2.18264, 28.1008, 14.0056, 4.48556, 522.564, 2.20249, 2.0137
array-one_tree, float, 128 , 1, 13.8642, 2.18051, 27.8185, 13.7359, 4.77536, 504.662, 2.18545, 2.07409
array-one_tree, float, 256 , 1, 13.8911, 2.16998, 38.8375, 14.4284, 5.79484, 491.425, 2.17901, 2.0789
array-one_tree, float, 512 , 1, 13.8325, 2.15792, 44.9429, 13.7495, 6.13836, 485.711, 2.1852, 2.05746
array-one_tree, float, 1024 , 1, 13.7473, 2.15224, 46.7442, 13.3719, 13.0052, 477.507, 2.17181, 2.03568
array-one_tree, float, 2000 , 1, 13.727, 2.17539, 119.019, 13.571, 23.4593, 470.96, 2.18702, 2.20332
sparse-one_tree, float, 64 , 1, 14.2481, 2.15903, 28.5317, 12.5416, 4.56912, 484.318, 2.17884, 2.06713
sparse-one_tree, float, 128 , 1, 14.1007, 2.10083, 28.6516, 12.5264, 5.02909, 492.187, 2.11895, 2.09423
sparse-one_tree, float, 256 , 1, 14.0194, 2.09648, 39.6831, 14.0478, 6.33151, 498.261, 2.11751, 2.10958
sparse-one_tree, float, 512 , 1, 14.0031, 2.13096, 46.2254, 14.1935, 7.26568, 497.53, 2.15193, 2.09462
sparse-one_tree, float, 1024 , 1, 14.0172, 2.12841, 49.9771, 14.1201, 14.5091, 494.525, 2.13471, 2.12661
sparse-one_tree, float, 2000 , 1, 13.9161, 2.09544, 119.419, 13.7249, 23.4148, 491.41, 2.14224, 2.30419
array-pipelined_sched-par-2pipeline, float, 64 , 8, 4.66024, 0.881417, 7.93038, 3.03777, 1.05618, 124.923, 0.904249, 0.755119
array-pipelined_sched-par-4pipeline, float, 64 , 8, 4.68069, 0.866782, 8.03772, 2.79555, 1.06045, 125.029, 0.879841, 0.765764
array-pipelined_sched-par-8pipeline, float, 64 , 8, 4.76911, 0.850011, 8.16702, 2.78666, 1.07583, 124.277, 0.917601, 0.762003
sparse-pipelined_sched-par-2pipeline, float, 64 , 8, 4.59198, 0.863273, 8.52912, 2.32306, 1.01115, 61.5538, 0.889392, 0.761285
sparse-pipelined_sched-par-4pipeline, float, 64 , 8, 4.58311, 0.784536, 8.39429, 2.32325, 1.032, 62.3572, 0.83502, 0.746705
sparse-pipelined_sched-par-8pipeline, float, 64 , 8, 4.44535, 0.893065, 8.20141, 2.34737, 1.00046, 61.4508, 0.892118, 0.741861
array-pipelined_sched-par-2pipeline, float, 128 , 8, 3.72354, 0.520798, 5.65569, 2.8346, 0.878988, 89.7766, 0.556786, 0.472996
array-pipelined_sched-par-4pipeline, float, 128 , 8, 3.46049, 0.543621, 5.48829, 2.74558, 0.870644, 89.6198, 0.656624, 0.429916
array-pipelined_sched-par-8pipeline, float, 128 , 8, 3.72493, 0.541611, 5.38152, 2.75449, 0.875882, 89.7541, 0.563259, 0.443203
sparse-pipelined_sched-par-2pipeline, float, 128 , 8, 3.22129, 0.524041, 5.53482, 2.34697, 0.821331, 54.8985, 0.547176, 0.417265
sparse-pipelined_sched-par-4pipeline, float, 128 , 8, 3.37018, 0.546055, 5.53969, 2.37092, 0.814319, 56.8911, 0.522407, 0.466032
sparse-pipelined_sched-par-8pipeline, float, 128 , 8, 3.26639, 0.519035, 4.9339, 2.44929, 0.787343, 56.2559, 0.538377, 0.417993
array-pipelined_sched-par-2pipeline, float, 256 , 8, 2.56185, 0.427038, 3.95937, 2.59962, 0.823952, 67.8764, 0.483259, 0.338088
array-pipelined_sched-par-4pipeline, float, 256 , 8, 2.55495, 0.334961, 3.99106, 2.60628, 0.670055, 75.88, 0.45682, 0.274008
array-pipelined_sched-par-8pipeline, float, 256 , 8, 1.7397, 0.407577, 3.10789, 2.61135, 0.80767, 68.7343, 0.476681, 0.345008
sparse-pipelined_sched-par-2pipeline, float, 256 , 8, 2.3273, 0.266085, 3.10549, 2.27713, 0.668172, 48.2912, 0.396469, 0.319415
sparse-pipelined_sched-par-4pipeline, float, 256 , 8, 2.35266, 0.369218, 4.05619, 2.23071, 0.568804, 48.3712, 0.39141, 0.313686
sparse-pipelined_sched-par-8pipeline, float, 256 , 8, 1.51455, 0.371222, 4.07026, 2.23836, 0.653863, 48.1537, 0.375423, 0.306634
array-pipelined_sched-par-2pipeline, float, 512 , 8, 1.72415, 0.368549, 3.44601, 2.47023, 0.754288, 55.1783, 0.414232, 0.300453
array-pipelined_sched-par-4pipeline, float, 512 , 8, 1.70483, 0.370867, 3.43096, 2.4839, 0.743042, 56.5818, 0.37016, 0.24696
array-pipelined_sched-par-8pipeline, float, 512 , 8, 1.70452, 0.374031, 3.44724, 2.47516, 0.741064, 56.5104, 0.466911, 0.308867
sparse-pipelined_sched-par-2pipeline, float, 512 , 8, 1.91123, 0.306732, 3.29296, 2.13917, 0.56227, 42.1955, 0.32479, 0.257164
sparse-pipelined_sched-par-4pipeline, float, 512 , 8, 1.95182, 0.29607, 3.30971, 2.10106, 0.521314, 42.4916, 0.337708, 0.226438
sparse-pipelined_sched-par-8pipeline, float, 512 , 8, 1.82128, 0.310596, 3.25813, 2.13055, 0.564801, 43.2344, 0.355488, 0.295424
array-pipelined_sched-par-2pipeline, float, 1024 , 8, 1.78882, 0.335123, 3.19844, 2.30978, 0.597789, 46.6786, 0.355012, 0.245488
array-pipelined_sched-par-4pipeline, float, 1024 , 8, 1.64429, 0.297488, 3.21929, 2.20898, 0.534133, 46.4523, 0.385635, 0.288877
array-pipelined_sched-par-8pipeline, float, 1024 , 8, 1.76003, 0.35117, 3.23363, 2.29358, 0.560131, 46.3734, 0.395029, 0.272443
sparse-pipelined_sched-par-2pipeline, float, 1024 , 8, 1.68729, 0.263102, 3.0989, 2.00769, 0.413336, 39.5594, 0.325316, 0.227805
sparse-pipelined_sched-par-4pipeline, float, 1024 , 8, 1.50333, 0.323025, 3.17451, 2.07357, 0.457881, 41.4827, 0.305758, 0.221969
sparse-pipelined_sched-par-8pipeline, float, 1024 , 8, 1.66674, 0.288357, 3.04707, 2.12103, 0.466217, 39.4632, 0.30715, 0.263156
array-pipelined_sched-par-2pipeline, float, 2000 , 8, 1.70156, 0.280099, 3.31911, 2.04191, 1.05455, 43.229, 0.347499, 0.251482
array-pipelined_sched-par-4pipeline, float, 2000 , 8, 1.67682, 0.271466, 3.31514, 2.05655, 1.04634, 43.1509, 0.315353, 0.240175
array-pipelined_sched-par-8pipeline, float, 2000 , 8, 1.65783, 0.300126, 3.31356, 2.04089, 1.03096, 43.1576, 0.367014, 0.218033
sparse-pipelined_sched-par-2pipeline, float, 2000 , 8, 1.57842, 0.277785, 3.2237, 1.91898, 0.912795, 38.5023, 0.298247, 0.226993
sparse-pipelined_sched-par-4pipeline, float, 2000 , 8, 1.61456, 0.273696, 3.24298, 1.95512, 0.918915, 38.5421, 0.295716, 0.227135
sparse-pipelined_sched-par-8pipeline, float, 2000 , 8, 1.54834, 0.278201, 3.20998, 1.96047, 0.9367, 38.5422, 0.300724, 0.223623
