array-one_tree, float, 64 , 1, 13.954, 2.18264, 28.1008, 14.0056, 4.48556, 522.564, 2.20249, 2.0137
array-one_tree, float, 64 , 4, 14.7223, 2.67837, 21.5954, 15.8183, 5.12133, 565.374, 2.94494, 2.31291
array-one_tree, float, 64 , 8, 16.2312, 2.58832, 23.9839, 17.7786, 6.25763, 560.042, 2.57954, 2.097
sparse-one_tree, float, 64 , 1, 14.2481, 2.15903, 28.5317, 12.5416, 4.56912, 484.318, 2.17884, 2.06713
sparse-one_tree, float, 64 , 4, 13.5709, 2.14027, 20.0417, 12.6076, 4.03149, 338.727, 2.23622, 1.88806
sparse-one_tree, float, 64 , 8, 12.2944, 2.19862, 26.0406, 15.1127, 4.45754, 323.085, 2.20985, 1.85487
sparse_remove_extra_hop-prob-one_tree, float, 64 , 1, 14.2507, 2.15431, 28.8322, 12.5191, 4.67207, 482.689, 2.15277, 2.04764
sparse_remove_extra_hop-prob-one_tree, float, 64 , 4, 11.8642, 2.06017, 13.503, 11.0318, 4.07272, 337.477, 2.15651, 1.82325
sparse_remove_extra_hop-prob-one_tree, float, 64 , 8, 10.3313, 2.1193, 12.437, 11.3969, 4.48962, 324.136, 2.21855, 1.89614
array-pipelined_sched, float, 64 , 4, 13.5819, 1.86781, 22.2041, 17.7994, 4.12046, 483.112, 1.90013, 1.55632
array-pipelined_sched, float, 64 , 8, 10.0116, 1.48911, 18.342, 16.5329, 4.23804, 454.953, 1.58646, 1.21463
array-pipelined_sched, float, 64 , 8, 9.67094, 1.39778, 17.6831, 15.4201, 3.7122, 422.786, 1.53782, 1.18789
sparse-pipelined_sched, float, 64 , 4, 11.8755, 1.71291, 20.3949, 14.1544, 3.45995, 290.291, 1.72438, 1.48208
sparse-pipelined_sched, float, 64 , 8, 8.15309, 1.23328, 16.7011, 11.5245, 2.98677, 208.708, 1.24772, 1.07166
sparse-pipelined_sched, float, 64 , 8, 7.85546, 1.23211, 15.8507, 10.7392, 2.70368, 194.616, 1.22497, 1.07
array-one_tree, float, 128 , 1, 13.8642, 2.18051, 27.8185, 13.7359, 4.77536, 504.662, 2.18545, 2.07409
array-one_tree, float, 128 , 4, 14.8528, 2.63031, 21.8002, 15.29, 5.61737, 505.613, 2.8149, 2.2963
array-one_tree, float, 128 , 8, 15.9248, 2.53411, 23.8231, 17.0286, 6.82841, 478.283, 2.55506, 2.06642
sparse-one_tree, float, 128 , 1, 14.1007, 2.10083, 28.6516, 12.5264, 5.02909, 492.187, 2.11895, 2.09423
sparse-one_tree, float, 128 , 4, 13.4963, 2.11428, 20.6935, 12.7019, 4.58364, 357.151, 2.22033, 1.92218
sparse-one_tree, float, 128 , 8, 12.3003, 2.19274, 27.6239, 14.9128, 5.02662, 319.698, 2.16209, 1.85884
sparse_remove_extra_hop-prob-one_tree, float, 128 , 1, 14.105, 2.11004, 29.5592, 12.6743, 5.0756, 492.25, 2.1338, 2.08914
sparse_remove_extra_hop-prob-one_tree, float, 128 , 4, 11.7183, 2.02683, 13.702, 10.9948, 4.53144, 355.89, 2.12914, 1.84457
sparse_remove_extra_hop-prob-one_tree, float, 128 , 8, 10.33, 2.06815, 12.641, 11.3529, 5.03929, 322.75, 2.09363, 1.833
array-pipelined_sched, float, 128 , 4, 13.1293, 1.87196, 23.3164, 18.0183, 4.76323, 393.459, 1.83867, 1.5418
array-pipelined_sched, float, 128 , 8, 9.71895, 1.47094, 18.1914, 16.2988, 4.66503, 344.011, 1.45477, 1.17141
array-pipelined_sched, float, 128 , 8, 9.47192, 1.36356, 17.2515, 14.9217, 3.98717, 326.037, 1.37417, 1.16223
sparse-pipelined_sched, float, 128 , 4, 11.6304, 1.67576, 21.5781, 13.887, 3.78381, 282.989, 1.67276, 1.482
sparse-pipelined_sched, float, 128 , 8, 8.05928, 1.21614, 16.9432, 11.1562, 3.20832, 207.666, 1.20634, 1.048
sparse-pipelined_sched, float, 128 , 8, 7.77806, 1.19831, 16.3536, 10.8119, 2.91301, 193.294, 1.19442, 1.06
array-one_tree, float, 256 , 1, 13.8911, 2.16998, 38.8375, 14.4284, 5.79484, 491.425, 2.17901, 2.0789
array-one_tree, float, 256 , 4, 15.1756, 2.661, 26.8994, 15.8772, 6.90167, 477.218, 2.86016, 2.31107
array-one_tree, float, 256 , 8, 16.0839, 2.55448, 28.6411, 17.215, 7.98983, 431.441, 2.47549, 2.09069
sparse-one_tree, float, 256 , 1, 14.0194, 2.09648, 39.6831, 14.0478, 6.33151, 498.261, 2.11751, 2.10958
sparse-one_tree, float, 256 , 4, 13.4604, 2.13069, 25.2161, 12.6789, 5.51913, 377.603, 2.22407, 1.92496
sparse-one_tree, float, 256 , 8, 12.24, 2.14246, 34.6431, 15.0036, 6.25728, 324.719, 2.10341, 1.84328
sparse_remove_extra_hop-prob-one_tree, float, 256 , 1, 14.0208, 2.0828, 39.9861, 13.8959, 6.25944, 498.029, 2.12362, 2.10246
sparse_remove_extra_hop-prob-one_tree, float, 256 , 4, 11.8761, 2.00739, 15.2334, 11.2069, 5.59284, 377.958, 2.12205, 1.83989
sparse_remove_extra_hop-prob-one_tree, float, 256 , 8, 10.5026, 2.04275, 14.2483, 11.7193, 6.08191, 324.975, 2.0507, 1.82603
array-pipelined_sched, float, 256 , 4, 13.6881, 1.782, 23.646, 17.0194, 5.52418, 347.807, 1.83682, 1.52163
array-pipelined_sched, float, 256 , 8, 10.0303, 1.48877, 21.195, 14.729, 5.26014, 281.083, 1.37553, 1.13202
array-pipelined_sched, float, 256 , 8, 9.69306, 1.40796, 19.7072, 13.8235, 4.45056, 263.79, 1.36925, 1.14997
sparse-pipelined_sched, float, 256 , 4, 11.5963, 1.67025, 21.5599, 13.3944, 4.59973, 283.007, 1.66239, 1.47137
sparse-pipelined_sched, float, 256 , 8, 8.02385, 1.19253, 18.1647, 10.6877, 4.01256, 208.775, 1.18698, 1.03975
sparse-pipelined_sched, float, 256 , 8, 7.73422, 1.18891, 17.0329, 10.1985, 3.44199, 195.187, 1.19593, 1.06
array-one_tree, float, 512 , 1, 13.8325, 2.15792, 44.9429, 13.7495, 6.13836, 485.711, 2.1852, 2.05746
array-one_tree, float, 512 , 4, 15.669, 2.70485, 29.3926, 15.1161, 7.1213, 459.435, 2.86891, 2.3177
array-one_tree, float, 512 , 8, 15.9462, 2.45548, 30.7916, 15.9168, 8.12368, 409.65, 2.57524, 2.12884
sparse-one_tree, float, 512 , 1, 14.0031, 2.13096, 46.2254, 14.1935, 7.26568, 497.53, 2.15193, 2.09462
sparse-one_tree, float, 512 , 4, 13.4338, 2.13587, 29.0756, 12.6493, 6.00352, 391.167, 2.20098, 1.90771
sparse-one_tree, float, 512 , 8, 12.1987, 2.08353, 40.4114, 14.5796, 6.81988, 324.461, 2.12703, 1.84771
sparse_remove_extra_hop-prob-one_tree, float, 512 , 1, 14.0049, 2.12266, 46.5771, 14.2593, 7.31865, 498.006, 2.09593, 2.09255
sparse_remove_extra_hop-prob-one_tree, float, 512 , 4, 11.8157, 1.9842, 15.1684, 11.2693, 5.8135, 391.728, 2.10562, 1.83799
sparse_remove_extra_hop-prob-one_tree, float, 512 , 8, 10.5704, 2.01745, 13.9487, 11.3797, 6.7762, 324.566, 2.05037, 1.83982
array-pipelined_sched, float, 512 , 4, 13.5819, 1.86094, 22.2117, 14.9089, 5.69392, 322.392, 1.86586, 1.54505
array-pipelined_sched, float, 512 , 8, 9.6012, 1.38826, 21.2126, 12.7961, 5.33068, 247.171, 1.5871, 1.14926
array-pipelined_sched, float, 512 , 8, 8.89617, 1.2488, 18.5267, 12.0404, 4.3847, 234.298, 1.27365, 1.0828
sparse-pipelined_sched, float, 512 , 4, 11.4991, 1.63195, 20.9656, 12.6374, 4.52823, 280.748, 1.65788, 1.47083
sparse-pipelined_sched, float, 512 , 8, 8.04775, 1.1789, 19.2215, 9.98335, 4.26495, 207.589, 1.19981, 1.03648
sparse-pipelined_sched, float, 512 , 8, 7.7252, 1.20069, 17.3655, 9.5746, 3.57797, 194.393, 1.16798, 1.0
array-one_tree, float, 1024 , 1, 13.7473, 2.15224, 46.7442, 13.3719, 13.0052, 477.507, 2.17181, 2.03568
array-one_tree, float, 1024 , 4, 15.3089, 2.63546, 30.636, 14.4367, 13.3767, 445.056, 2.80429, 2.25428
array-one_tree, float, 1024 , 8, 15.4138, 2.48355, 32.4089, 14.7009, 15.8477, 397.895, 2.47659, 2.04631
sparse-one_tree, float, 1024 , 1, 14.0172, 2.12841, 49.9771, 14.1201, 14.5091, 494.525, 2.13471, 2.12661
sparse-one_tree, float, 1024 , 4, 13.4135, 2.12423, 31.0189, 12.9273, 13.7975, 396.527, 2.1952, 1.8841
sparse-one_tree, float, 1024 , 8, 12.1818, 2.10831, 44.7435, 14.6005, 15.5745, 323.418, 2.12428, 1.83307
sparse_remove_extra_hop-prob-one_tree, float, 1024 , 1, 14.014, 2.09484, 50.3321, 14.0703, 14.955, 494.263, 2.11514, 2.12706
sparse_remove_extra_hop-prob-one_tree, float, 1024 , 4, 11.6305, 2.01578, 15.4958, 11.3039, 13.8699, 397.386, 2.09611, 1.81729
sparse_remove_extra_hop-prob-one_tree, float, 1024 , 8, 10.4461, 1.99274, 13.563, 11.1158, 15.9499, 324.233, 1.96609, 1.80975
array-pipelined_sched, float, 1024 , 4, 12.6386, 1.73163, 20.8865, 13.525, 8.52666, 309.874, 1.78605, 1.45305
array-pipelined_sched, float, 1024 , 8, 8.83118, 1.28827, 22.2089, 11.2954, 6.87646, 229.012, 1.53099, 1.13103
array-pipelined_sched, float, 1024 , 8, 9.06357, 1.39072, 19.2396, 10.8819, 5.98185, 221.075, 1.36608, 1.15942
sparse-pipelined_sched, float, 1024 , 4, 11.4797, 1.66586, 21.0979, 12.6769, 9.06493, 280.03, 1.69342, 1.46521
sparse-pipelined_sched, float, 1024 , 8, 8.00919, 1.18071, 20.0172, 9.24915, 6.44922, 206.231, 1.1965, 1.05082
sparse-pipelined_sched, float, 1024 , 8, 7.70979, 1.16394, 16.2137, 9.03714, 5.55296, 193.553, 1.21553, 1.05
array-one_tree, float, 2000 , 1, 13.727, 2.17539, 119.019, 13.571, 23.4593, 470.96, 2.18702, 2.20332
array-one_tree, float, 2000 , 4, 14.331, 2.63034, 85.4678, 14.1945, 20.656, 435.169, 2.82843, 2.33728
array-one_tree, float, 2000 , 8, 14.8598, 2.39678, 87.0936, 14.0995, 21.5199, 383.797, 2.45463, 2.09707
sparse-one_tree, float, 2000 , 1, 13.9161, 2.09544, 119.419, 13.7249, 23.4148, 491.41, 2.14224, 2.30419
sparse-one_tree, float, 2000 , 4, 13.3772, 2.09951, 84.1039, 13.0748, 20.2148, 399.071, 2.19673, 1.97663
sparse-one_tree, float, 2000 , 8, 12.2255, 2.08552, 123.862, 14.6972, 21.884, 324.953, 2.11065, 1.92677
sparse_remove_extra_hop-prob-one_tree, float, 2000 , 1, 13.9698, 2.0919, 119.938, 13.6598, 23.6315, 491.353, 2.12415, 2.29653
sparse_remove_extra_hop-prob-one_tree, float, 2000 , 4, 11.1981, 2.01085, 23.913, 11.5356, 20.2248, 400.533, 2.10934, 1.90485
sparse_remove_extra_hop-prob-one_tree, float, 2000 , 8, 9.91062, 2.00681, 23.0518, 11.2411, 21.8623, 323.126, 2.07838, 1.90819
array-pipelined_sched, float, 2000 , 4, 12.6727, 1.84834, 26.5549, 12.9355, 13.5854, 305.666, 1.83862, 1.60482
array-pipelined_sched, float, 2000 , 8, 8.88915, 1.44708, 54.2429, 10.5031, 8.26727, 215.012, 1.43322, 1.23583
array-pipelined_sched, float, 2000 , 8, 8.71614, 1.4265, 42.8271, 10.4329, 7.1162, 207.951, 1.37524, 1.25188
sparse-pipelined_sched, float, 2000 , 4, 11.4489, 1.66064, 25.7967, 12.6309, 13.486, 279.581, 1.68842, 1.5607
sparse-pipelined_sched, float, 2000 , 8, 7.99792, 1.19461, 53.5328, 9.2725, 8.04875, 210.938, 1.20288, 1.12044
sparse-pipelined_sched, float, 2000 , 8, 7.68656, 1.21575, 43.9961, 9.14817, 6.94747, 194.063, 1.21438, 1.13843
