abalone 16384 6.016688227343062e-08 4.967322941714277e-08 4.554790696905305e-08 1.21125368693396 1.3209582234878599 5.461309532014032e-08 3.820037841796875e-08 1.4296480187340586
airline 16384 3.09055030811578e-08 1.9584428324985008e-08 1.9417129806242884e-08 1.5780651121549376 1.59166176409972 2.2927003252940875e-08 3.8482666015625e-09 5.957748156957705
airline-ohe 16384 4.552670482856532e-07 3.2714146072976294e-07 3.243669440659384e-07 1.3916519394089553 1.4035556230819406 7.970273145474494e-08 5.2039896647135416e-08 1.5315697491711342
covtype 16384 1.019450913493832e-07 8.554515564658989e-08 5.589361535385251e-08 1.1917108640323932 1.8239129944267696 7.276847706331561e-08 5.3091328938802086e-08 1.370628283710796
epsilon 16384 1.1299943192473923e-06 7.851356349419803e-07 7.828166659843797e-07 1.4392345334457992 1.4434980351707793 4.172773818330218e-08 2.8318684895833333e-08 1.4735055083522537
higgs 16384 4.582056135404855e-08 2.525404852349311e-08 2.5787643001725275e-08 1.8143847831536004 1.776841774604333 2.3816586084042987e-08 4.7359212239583334e-09 5.028923615443255
letters 16384 3.0533857352565975e-06 2.401391539024189e-06 1.6628047160338611e-06 1.2715068266199305 1.8362864296774215 3.0285654065664857e-06 2.364290771484375e-06 1.2809614803280134
year_prediction_msd 16384 7.30505659400175e-08 4.6843779273331164e-08 4.565648850984871e-08 1.5594507333358185 1.6000040371974626 2.33099126489833e-08 5.059916178385417e-09 4.606778418298092
Geomean speedup (Total): 16384 1.4187360684586185
Geomean speedup (Kernel): 16384 2.299540123294786
Geomean speedup (AutoTune Total): 16384 1.5885925027638204
