abalone 4096 1.3542762220216294e-06 9.01842334618171e-08 6.620781884218255e-08 4.845419122527043e-08 20.454928824188787 1.3621387177364408 1.8612266799075805 6.953846119965116e-08 3.80712890625e-08 3.9029947916666665e-08 1.8265328785030854 1.781669331153698
airline 4096 3.0301045626401903e-07 6.042983538160722e-08 4.16202237829566e-08 4.158287386720379e-08 7.280365858775157 1.4519344176701212 1.453238551394783 3.9606335728118814e-08 6.74560546875e-09 6.709798177083333e-09 5.871427837219495 5.902761108879612
airline-ohe 4096 4.4371157612962025e-06 4.0794111555442214e-07 3.573753444167475e-07 3.4323418124889334e-07 12.415841860992883 1.141492052900852 1.1885212424650886 9.23405362603565e-08 6.613525390625e-08 5.0086669921875e-08 1.3962377220363258 1.8436150058366614
covtype 4096 1.440372628470262e-06 1.463604470094045e-07 7.137966652711232e-08 7.049888760472337e-08 20.17903274909755 2.050450136998217 2.0760674669084915 8.798912555600206e-08 3.7714029947916664e-08 4.0131429036458334e-08 2.3330608178843697 2.1925241056346705
epsilon 4096 8.940161399853727e-06 1.4666520291939377e-06 8.250073490974804e-07 8.193659596145153e-07 10.836462741372967 1.7777441992466938 1.789984087066479 6.095137602339189e-08 3.4057210286458336e-08 2.9539794921875e-08 1.789676121758777 2.0633649009613055
higgs 4096 3.978019230999053e-07 6.31440586100022e-08 5.0981470849365e-08 5.0310724570105475e-08 7.802872621609741 1.2385687889738217 1.2550814791389877 4.080201809604963e-08 7.396240234375e-09 7.351481119791667e-09 5.516589078112536 5.550176546900513
letters 4096 3.298021154478192e-05 2.8546189423650505e-06 1.6907104873098434e-06 1.6611083992756903e-06 19.506717319331262 1.68841381406887 1.7185025032741863 2.8484591166488826e-06 1.660372314453125e-06 1.644151611328125e-06 1.7155544523681585 1.7324795943531832
year_prediction_msd 4096 5.22695384764423e-07 1.2818035126353302e-07 7.700359371180335e-08 7.517257472500205e-08 6.787934946525782 1.664602196921689 1.705147811318758 4.0299588969598216e-08 7.067464192708333e-09 6.600748697916667e-09 5.702128496268328 6.10530574847026
Geomean speedup (Total): 4096 1.521015537961528
Geomean speedup (Kernel): 4096 2.7606916670541453
Geomean speedup (AutoTune Total): 4096 1.6045462333015474
Geomean speedup (AutoTune Kernel): 4096 2.910512127018206

abalone 8192 7.289806186842421e-07 6.947792523230116e-08 4.433847304123143e-08 4.4223997974768284e-08 16.441265760468234 1.5669895796296804 1.571045776366518 5.933819920755923e-08 3.3711344401041666e-08 3.36285400390625e-08 1.7601848950801768 1.7645190406313418
airline 8192 2.075381538209816e-07 4.0403101593256e-08 1.971003560659786e-08 1.9822036847472192e-08 10.529567676250618 2.049874612084983 2.038292124273213 2.8978150415544707e-08 5.271402994791666e-09 5.2199300130208334e-09 5.4972367781738845 5.551444242214029
airline-ohe 8192 5.44887690921314e-06 6.983279793833692e-07 3.3711985452100636e-07 3.3106252279443045e-07 16.163025808595957 2.071453134599806 2.109353766439423 8.381840113239984e-08 5.2477823893229166e-08 5.25e-08 1.5972156410855733 1.5965409739504732
covtype 8192 8.142557635437698e-07 1.1750894676273068e-07 6.848160410299898e-08 6.422327714972198e-08 11.890138588446288 1.7159198926764725 1.829694029608381 7.712306493582825e-08 3.2040608723958335e-08 2.9706217447916668e-08 2.4070411895189605 2.596192701781929
epsilon 8192 8.461242347645262e-06 1.1825775436591357e-06 7.944056414999068e-07 7.942778271778176e-07 10.651035070281855 1.4886318549127202 1.4888714039280215 4.874445342769225e-08 3.13818359375e-08 3.1397705078125e-08 1.55326965333614 1.552484594221278
higgs 8192 2.5337513458604615e-07 5.95184489308546e-08 3.657716054779788e-08 3.5747361835092306e-08 6.927140619757608 1.6272025504297352 1.6649745848496937 3.000697082219025e-08 5.345052083333333e-09 5.696818033854167e-09 5.613971642251427 5.267321273712707
letters 8192 1.712433630018495e-05 2.9871014703530817e-06 1.8838969117496163e-06 1.9105813407804816e-06 9.089847853872856 1.5855970948956517 1.5634516084684655 2.9937789076939227e-06 1.8732379150390625e-06 1.8614361572265625e-06 1.5981840233206541 1.6083167268838747
year_prediction_msd 8192 3.8410779476786656e-07 8.816597983241082e-08 5.634938133880496e-08 5.635845203263064e-08 6.816539696476685 1.5646308395527206 1.5643790177445636 2.922432031482458e-08 4.792277018229167e-09 5.050862630208333e-09 6.098211811140979 5.7860057686065325
Geomean speedup (Total): 8192 1.6063559044397153
Geomean speedup (Kernel): 8192 2.7494920158366134
Geomean speedup (AutoTune Total): 8192 1.6589880838827014
Geomean speedup (AutoTune Kernel): 8192 2.81906124514514
