abalone 16384 4.730349852858732e-07 5.992097915926328e-08 4.3346274954577284e-08 4.315120653094103e-08 10.912932790224033 10.962265561374036 1.3823789754034155 1.3886281283073207 5.507989650747428e-08 3.316925048828125e-08 3.567464192708333e-08 1.66057103180351 1.5439509279463557
airline 16384 1.2461959461991985e-07 3.076641102476666e-08 1.9759706143910688e-08 1.9632037340973813e-08 6.306753436124537 6.347766788311249 1.5570277614805466 1.5671532449948238 2.2903744441767535e-08 3.828633626302083e-09 4.014689127604167e-09 5.982224124142508 5.704985794363543
airline-ohe 16384 5.141645888215863e-06 4.614960441055397e-07 3.233662573620677e-07 3.276655237035205e-07 15.900378506279488 15.691751241025116 1.4271620294284768 1.408436380151829 7.951872248668223e-08 5.183024088541667e-08 5.201588948567708e-08 1.5342147967723645 1.5287390694064404
covtype 16384 5.597043491434305e-07 1.0149844456464052e-07 5.476567215130975e-08 6.352660420816392e-08 10.219985022680762 8.810550416159375 1.8533223564610837 1.5977313100516204 7.250445681468894e-08 2.8459574381510417e-08 2.8338114420572917e-08 2.547629695467039 2.5585490882926254
epsilon 16384 8.310229726096925e-06 1.137126285660391e-06 7.847431212818871e-07 7.809908856870607e-07 10.5897452309261 10.64062318574457 1.4490426928532765 1.4560045533182215 4.221255949232727e-08 2.7663472493489583e-08 2.8965861002604168e-08 1.525931334262599 1.4573210680163162
higgs 16384 1.639324667242666e-07 4.623669762319575e-08 2.4813683315490684e-08 2.4794814332077902e-08 6.606534976688723 6.611562584365939 1.8633548689779202 1.8647728917807522 2.4153681200308105e-08 4.1974894205729165e-09 4.519856770833334e-09 5.754316159065235 5.343904115761361
letters 16384 1.2042458474752492e-05 3.0655045702587812e-06 1.6765511827543378e-06 1.6742555453674867e-06 7.182875535579193 7.192724257699419 1.828458684585214 1.8309657559389632 3.027693965123035e-06 1.645823974609375e-06 1.642811279296875e-06 1.8396219837796675 1.842995603499199
year_prediction_msd 16384 3.127338762472694e-07 7.401101659828176e-08 4.553759936243296e-08 4.450060563006749e-08 6.867596900711123 7.027631912406292 1.6252726897004246 1.6631462774581909 2.3544489522464572e-08 4.008382161458333e-09 4.276123046875e-09 5.873813567192055 5.506036487811298
Geomean speedup (Total): 16384 1.6123784435052664
Geomean speedup (Kernel): 16384 2.7911939063511646
Geomean speedup (AutoTune Total): 16384 1.5882439855299746
Geomean speedup (AutoTune Kernel): 16384 2.687658329831981
Geomean speedup (XGB Total): 16384 8.878118354737278
Geomean speedup (XGB AutoTune Total): 16384 8.745228600973107
