abalone 256 2.0789158760860402e-05 6.901054713194088e-07 1.807179882801989e-07 1.814125245937737e-07 115.03646625717917 114.59605012064262 3.81868721474155 3.8040674030898423 4.1546119797614315e-07 8.368972614247311e-08 8.212848622311828e-08 4.964303471000292 5.058673513687572
airline 256 4.8177119003989364e-06 6.639829245946741e-07 1.5532082167043481e-07 1.4783504108587902e-07 31.017811060910603 32.58843008404397 4.274912516259645 4.491377143859682 3.8237726536168846e-07 4.672862063172043e-08 4.356833837365591e-08 8.182935001982965 8.776494115573092
airline-ohe 256 3.9799142558808606e-05 7.969985706030681e-07 5.515800508600409e-07 5.618657075589703e-07 72.15478967513879 70.83390572404974 1.444937265878929 1.4184858763949741 4.2328996563790947e-07 9.953944052419355e-08 9.830750168010753e-08 4.252484878444005 4.305774822915289
covtype 256 1.9846352578331066e-05 7.158109257298131e-07 2.415708556611051e-07 2.385044510486305e-07 82.15540953405869 83.21166540529023 2.9631510132745897 3.0012476605053418 4.332657823319076e-07 1.161359627016129e-07 1.1564012096774194e-07 3.730677149894504 3.7466735481258104
epsilon 256 1.0845065267095643e-05 1.9450118184410114e-06 1.3287742471983357e-06 1.3270267655932775e-06 8.161706392159545 8.17245405163106 1.4637639332203995 1.4656914757642057 3.8578495463376406e-07 5.2630208333333335e-08 5.233933971774193e-08 7.330105026193241 7.370841067431179
higgs 256 4.760153661732391e-06 6.420022097005639e-07 1.560239702142695e-07 1.5432365559121615e-07 30.509117638752674 30.845262468000605 4.114766524777539 4.160102398048077 3.72320133191283e-07 4.4930485551075266e-08 4.3527805779569895e-08 8.286581563158128 8.553615936368525
letters 256 0.0005414549854674167 2.4975367611454377e-06 2.677930488942131e-06 2.6623308358173216e-06 202.19157580946356 203.3762965079405 0.9326368893660288 0.9381015790919565 2.24542653849048e-06 2.58267578125e-06 2.5753257308467743e-06 0.8694186683408269 0.8719000131110318
year_prediction_msd 256 4.571858963738846e-06 6.832591488316495e-07 1.869858893495734e-07 2.0298826438124463e-07 24.450288626815446 22.522774790330534 3.654067968488705 3.3660032067094225 3.8251651310792536e-07 4.633715557795699e-08 4.594611055107527e-08 8.255071083601255 8.325329576759428
Geomean speedup (Total): 256 2.4808110825069916
Geomean speedup (Kernel): 256 4.798208953156555
Geomean speedup (AutoTune Total): 256 2.4733364294092377
Geomean speedup (AutoTune Kernel): 256 4.8915750896367785
Geomean speedup (XGB Total): 256 47.5281279845942
Geomean speedup (XGB AutoTune Total): 256 47.38492632301847

abalone 512 1.0384750655955739e-05 3.782483335170481e-07 1.0459694183535046e-07 1.0366582622130712e-07 99.28350173280134 100.17525576641083 3.616246583121536 3.648727331893914 2.3521751993232304e-07 5.0516276041666665e-08 5.025824652777778e-08 4.656271965461423 4.6801776063221405
airline 512 2.48447981559568e-06 3.3604974548021953e-07 8.295523002743721e-08 8.12303688791063e-08 29.949646511424838 30.585603018660258 4.050977200220793 4.136996422857027 1.9772397354245185e-07 2.4066623263888888e-08 2.383615451388889e-08 8.21569238752034 8.29512887354551
airline-ohe 512 2.1111752993116775e-05 8.157821786072519e-07 6.073730376859506e-07 6.121079333954387e-07 34.759121138388196 34.490245659792805 1.3431320259380064 1.3327423712383646 2.550292346212599e-07 7.158767361111111e-08 7.076475694444445e-08 3.562474120987176 3.6039017956562285
covtype 512 1.005557779636648e-05 4.060603678226471e-07 1.4858687710430886e-07 1.4721622897519006e-07 67.67473677576119 68.3048184725688 2.732814470133795 2.7582581801567496 2.5664440666635833e-07 7.014279513888888e-08 6.991471354166667e-08 3.658884795768117 3.670821114262414
epsilon 512 7.815027350766792e-06 1.4987854907910028e-06 1.0621085659497315e-06 1.0611468201710118e-06 7.358030620700849 7.364699400887185 1.4111415149456001 1.4124204702884209 2.0996336307790544e-07 4.134201388888889e-08 4.153819444444445e-08 5.078692190520872 5.054706057547167
higgs 512 2.4787990583313835e-06 3.5417312756180764e-07 9.14745032787323e-08 8.826516568660736e-08 27.098251091653655 28.083548465003293 3.8718234575442882 4.012603667672568 2.0536511308617062e-07 2.4750434027777776e-08 2.449609375e-08 8.297434818948481 8.383586182436561
letters 512 0.0002669936030482252 2.155664221694072e-06 2.4386787166198095e-06 2.4303697670499484e-06 109.48289384273556 109.85719402373475 0.8839476094177684 0.8869696500177742 2.034626745929321e-06 2.385502604166667e-06 2.3768502604166666e-06 0.852913236135444 0.8560180587786151
year_prediction_msd 512 2.3622464699049792e-06 3.4998895393477544e-07 1.355966863532861e-07 1.3627448222703405e-07 17.421122399336063 17.334474006435507 2.581102557498402 2.568264786005144 1.946362770266003e-07 2.5247829861111112e-08 2.489822048611111e-08 7.709029968013049 7.817276625659797
Geomean speedup (Total): 512 2.3655840516415587
Geomean speedup (Kernel): 512 4.590008968661754
Geomean speedup (AutoTune Total): 512 2.3718556438408775
Geomean speedup (AutoTune Kernel): 512 4.649751294728843
Geomean speedup (XGB Total): 512 41.21268808008938
Geomean speedup (XGB AutoTune Total): 512 41.3219503880157

abalone 1024 5.1809098416318496e-06 2.1171002160935175e-07 7.383647330460094e-08 7.633336021431855e-08 70.16735239044812 67.87215743006186 2.8672824165907116 2.7734927561807945 1.38666724697465e-07 4.362560453869048e-08 4.4806315104166665e-08 3.1785628225388805 3.0948031404744993
airline 1024 1.3682853785299119e-06 1.857267315721228e-07 4.871227290658724e-08 4.8825639255699656e-08 28.089130251708745 28.02391119477632 3.8127297391415182 3.803877110537616 1.1150165283609005e-07 1.4447079613095238e-08 1.4281529017857142e-08 7.717937176384203 7.807403023630883
airline-ohe 1024 1.1249164984162364e-05 1.0225730615534953e-06 4.6726360562301816e-07 4.6649021983501455e-07 24.07455844793107 24.114471227587366 2.1884286497983605 2.192056806496721 1.6007256428045887e-07 6.554013206845238e-08 6.108630952380952e-08 2.4423595014009667 2.620432720985831
covtype 1024 5.115423229567352e-06 2.3287854024342128e-07 1.0910582551289172e-07 1.0892643504554317e-07 46.88496884121851 46.962183490431364 2.1344281036204142 2.1379432838874473 1.5744800856780438e-07 4.886742001488095e-08 4.8642578125e-08 3.2219423190309375 3.236835189187546
epsilon 1024 6.255784149592121e-06 1.267723273485899e-06 9.163348780324062e-07 9.160843079111406e-07 6.826962827197859 6.828830158499917 1.3834715930577792 1.3838500043479263 1.1981897322194916e-07 3.175316220238095e-08 3.1669456845238095e-08 3.7734501042218955 3.783423688239398
higgs 1024 1.3757956081203051e-06 1.8882786943798973e-07 5.5162513273812475e-08 5.764016393749487e-08 24.940770941512596 23.868697001143527 3.4231194017701285 3.2759773140609925 1.1468810650209585e-07 1.513857886904762e-08 1.4626116071428572e-08 7.575883277695733 7.841323420517198
letters 1024 0.00013208885045189943 2.064915606752038e-06 1.8813792017421552e-06 1.8613599240779876e-06 70.2085206053013 70.96362650943438 1.0975541798484476 1.1093585824218712 2.0225801771240576e-06 1.8471219308035715e-06 1.837572544642857e-06 1.0949900726067145 1.1006804509680774
year_prediction_msd 1024 1.4023257175549155e-06 1.914269800874449e-07 9.312244531299387e-08 9.24017790350176e-08 15.058944305441704 15.176393054331504 2.0556481248321994 2.071680676352558 1.083700806789455e-07 1.4632161458333333e-08 1.3482375372023809e-08 7.406293389226264 8.03790709638715
Geomean speedup (Total): 1024 2.30849656670257
Geomean speedup (Kernel): 1024 4.315132359405668
Geomean speedup (AutoTune Total): 1024 2.3070433717227674
Geomean speedup (AutoTune Kernel): 1024 4.385974894147359
Geomean speedup (XGB Total): 1024 36.31854355309883
Geomean speedup (XGB AutoTune Total): 1024 36.29568108670993

abalone 2048 2.612052485346794e-06 1.3099795776522822e-07 5.366384155220456e-08 5.4322687598566214e-08 48.67434775063152 48.084006900566834 2.441084238030043 2.4114778475850995 9.2409188962645e-08 3.6176486545138886e-08 3.6883409288194445e-08 2.5543992186013496 2.505440542130771
airline 2048 7.028619034422768e-07 1.0147438539812962e-07 3.160216793831852e-08 3.098167427298095e-08 22.240939444854888 22.686375734549667 3.210994435451027 3.2753034746939163 6.48183049634099e-08 1.0082465277777778e-08 1.0223524305555555e-08 6.4288150940893845 6.3401135485330675
airline-ohe 2048 6.679244041960272e-06 5.799546165184842e-07 3.7836680550956064e-07 3.7199914610634247e-07 17.652827744667203 17.95499831618133 1.5327840816729092 1.5590213649380098 1.1465751514252689e-07 5.660888671875e-08 5.65771484375e-08 2.025433139361669 2.0265693536885743
covtype 2048 2.6397225317648716e-06 1.5185751383089357e-07 9.86731093790796e-08 9.777095531009965e-08 26.752197720086627 26.999046121544755 1.5389959309733678 1.553196584294874 1.1061499309208658e-07 5.570529513888889e-08 5.561740451388889e-08 1.985717745795843 1.9888557198756656
epsilon 2048 5.41412776025633e-06 1.1966214515268802e-06 8.496492066317134e-07 8.503035900907384e-07 6.3721918622388865 6.367287899700121 1.408371175053147 1.407287309464594 7.37767873538865e-08 2.5681966145833332e-08 2.9682888454861112e-08 2.8727079124296764 2.4854989252841464
higgs 2048 7.183570414781571e-07 1.044008078881436e-07 4.4842341190410987e-08 4.5924033555719585e-08 16.019614997973598 15.642289795964354 2.328174781170179 2.2733370700436013 6.634444515738222e-08 1.1072319878472222e-08 1.100341796875e-08 5.991919117724816 6.029439701900101
letters 2048 6.631934607867151e-05 2.3117676998178165e-06 1.8063406848038236e-06 1.7952503791699808e-06 36.71474967961211 36.94155804012904 1.2798071367522148 1.2877132497176484 2.4826566611106197e-06 1.78641845703125e-06 1.7765445963541668e-06 1.3897397059121352 1.3974637429341992
year_prediction_msd 2048 8.112301454982824e-07 1.1396562007980214e-07 6.991076386637158e-08 6.906358369936546e-08 11.6037946180774 11.746134533498525 1.63015841591486 1.6501550307017914 6.255551448298825e-08 9.981282552083334e-09 9.943033854166666e-09 6.26728220111667 6.2913910784658675
Geomean speedup (Total): 2048 2.1786422375420402
Geomean speedup (Kernel): 2048 3.991278251813732
Geomean speedup (AutoTune Total): 2048 2.17948778427031
Geomean speedup (AutoTune Kernel): 2048 4.020138081165211
Geomean speedup (XGB Total): 2048 31.148729334279132
Geomean speedup (XGB AutoTune Total): 2048 31.160818380256718

abalone 4096 1.3733239029534162e-06 9.103406531115373e-08 5.1587024548401435e-08 5.0462743577857815e-08 26.62149862248592 27.214610335931223 1.7646698197478163 1.803985650734573 6.990720673153798e-08 3.8305257161458334e-08 3.800333658854167e-08 1.8250029346331247 1.8395018176539688
airline 4096 3.730513465901216e-07 6.139239606757959e-08 2.467577966550986e-08 2.7391264059891303e-08 15.1181179134756 13.619354907259508 2.487961754391483 2.241312994294255 4.066425996522109e-08 6.826171875e-09 6.835530598958333e-09 5.957110472730529 5.948954419342065
airline-ohe 4096 4.4395776543145375e-06 4.0630218184863527e-07 3.5245543889080485e-07 3.4511234844103454e-07 12.596138871586472 12.864151846114188 1.1527760307155108 1.1773040973005218 9.224497868369023e-08 6.263956705729167e-08 5.335978190104167e-08 1.47263116616564 1.728736051709564
covtype 4096 1.4593566690261166e-06 1.4707514007265369e-07 7.173531533529362e-08 7.090575915450851e-08 20.343629385401425 20.581638028105424 2.050247348676434 2.0742340513154494 8.90152296051383e-08 3.7646891276041666e-08 3.7569986979166666e-08 2.3644775594469136 2.3693175527183197
epsilon 4096 8.555969300990303e-06 1.1625122472954294e-06 8.261776141201456e-07 8.281636595105132e-07 10.356089483375985 10.331254218577177 1.4070972481304398 1.4037228438428864 6.059136164064208e-08 3.415852864583333e-08 3.2805989583333336e-08 1.7738282075575593 1.8469603389566627
higgs 4096 4.1632990663250285e-07 6.391608621925115e-08 3.211423366641005e-08 3.417226253077388e-08 12.964030559071505 12.183270167071212 1.9902728143285673 1.8704083805305964 4.1621970012784e-08 7.462972005208333e-09 7.34130859375e-09 5.577130663727058 5.669557338621991
letters 4096 3.2451007864437994e-05 2.8182766982354224e-06 1.9824525224976242e-06 1.850426779128611e-06 16.369122335174048 17.53703968752526 1.4216111943426377 1.5230414572591646 2.816157939378172e-06 1.958551025390625e-06 1.83443359375e-06 1.437878259422167 1.5351648317894702
year_prediction_msd 4096 5.288078682497144e-07 1.1891970643773675e-07 7.775020397578676e-08 7.550445540497701e-08 6.801369529710785 7.003664425011628 1.5295098965241447 1.5750025054799344 4.098236483211319e-08 7.520751953125e-09 6.693115234375e-09 5.44923766766225 6.123062788704564
Geomean speedup (Total): 4096 2.068066217828312
Geomean speedup (Kernel): 4096 3.694684177761559
Geomean speedup (AutoTune Total): 4096 2.067882562197299
Geomean speedup (AutoTune Kernel): 4096 3.754121791613889
Geomean speedup (XGB Total): 4096 26.57364388611089
Geomean speedup (XGB AutoTune Total): 4096 26.571284000680656

abalone 8192 7.296384137589485e-07 6.9600452358524e-08 4.4351278726632396e-08 4.426062029475967e-08 16.45135010100193 16.485047179633305 1.569299789246658 1.5725141648492553 5.961162969470023e-08 3.380635579427083e-08 3.36834716796875e-08 1.7633261052290832 1.7697590753582704
airline 8192 2.1294094040058554e-07 4.0810118662193415e-08 2.4366308934986592e-08 1.962558599188924e-08 8.739154583024773 10.850169798170036 1.674858460141898 2.079434401554135 2.919812686741352e-08 5.284830729166667e-09 5.2423095703125e-09 5.5248934854754745 5.569706724830633
airline-ohe 8192 5.431688526490082e-06 5.489857479309043e-07 3.340427065268159e-07 3.4063603379763665e-07 16.26046137323475 15.945725018971165 1.6434597648873779 1.6116490725025379 8.357489908424517e-08 5.25091552734375e-08 5.2400919596354166e-08 1.5916252822776358 1.5949128322179282
covtype 8192 8.095239657753457e-07 1.2339461439599593e-07 6.828850018791854e-08 6.684359201850991e-08 11.854469838225631 12.11071908809415 1.80696038214977 1.846020099605453 7.710783393122256e-08 3.2016398111979167e-08 3.0825602213541664e-08 2.408385654798942 2.501421818041535
epsilon 8192 8.428320337164526e-06 1.1957547394558787e-06 8.190138517723729e-07 8.158277584395061e-07 10.290815373788078 10.331004614608842 1.4599933039816435 1.4656950895408205 4.873121118483444e-08 3.108133951822917e-08 3.114949544270833e-08 1.5678607145053591 1.5644301935632714
higgs 8192 2.401354140602052e-07 5.851262055026988e-08 3.4719463049744564e-08 3.611460366907219e-08 6.91644953483726 6.649260677498512 1.6852973926018238 1.6201927919917585 2.9802322387695312e-08 5.312296549479167e-09 5.6890869140625e-09 5.610063766228793 5.238507134427636
letters 8192 1.6746828332543374e-05 2.6662962045520546e-06 1.8827016174327583e-06 1.910331193357706e-06 8.89510487348455 8.76645284899955 1.4162075285130957 1.3957245810689098 1.9881992193404586e-06 1.8710015869140625e-06 1.899522705078125e-06 1.0626389807716283 1.046683576892905
year_prediction_msd 8192 3.834520369612922e-07 8.715059569415947e-08 5.595473339781165e-08 5.597083751733105e-08 6.852897220242832 6.850925481373376 1.5575196306371442 1.5570714957976783 2.91127556314071e-08 4.817911783854167e-09 5.0311279296875e-09 6.042608693868171 5.786526607606138
Geomean speedup (Total): 8192 1.9809147000081113
Geomean speedup (Kernel): 8192 3.4852454534579
Geomean speedup (AutoTune Total): 8192 1.9877915330488576
Geomean speedup (AutoTune Kernel): 8192 3.526211603952802
Geomean speedup (XGB Total): 8192 22.666102459239
Geomean speedup (XGB AutoTune Total): 8192 22.744788836949255
