abalone 4096 7.456722232745961e-07 4.5749227865599097e-07 4.0947874367702754e-07 1.6299121494797961 1.821027916073558 6.716101052006707e-07 4.12470703125e-07 3.914251708984375e-07 1.6282613531393961 1.7158071456138735
airline 4096 2.3242784664034843e-07 9.303228580392897e-08 8.564660674892366e-08 2.498356829909606 2.7138009953122797 1.9359002180863173e-07 4.5330810546875e-08 3.79937744140625e-08 4.2706057860678905 5.0953090287596945
airline-ohe 4096 1.5442742733284831e-06 1.0850626858882606e-06 1.086013944586739e-06 1.4232120350395239 1.4219654186080697 9.036530536832288e-07 5.608584594726562e-07 5.64637451171875e-07 1.61119626248106 1.6004128876108819
covtype 4096 1.1706329678418115e-06 4.0366889152210207e-07 4.0175138565246016e-07 2.8999831109792513 2.91382434422885 1.0520511568756774e-06 3.5700927734375e-07 3.5725372314453125e-07 2.9468454285088486 2.9448290912564055
epsilon 4096 2.2429686214309186e-06 1.9357301789568736e-06 1.886142636067234e-06 1.158719663419005 1.1891829273886183 4.126557178096846e-07 3.630517578125e-07 3.2215667724609376e-07 1.1366305462782054 1.2809162341044977
higgs 4096 2.427680738037452e-07 1.1670585081446916e-07 1.0381765605416149e-07 2.080170549372722 2.338408350089252 2.0097482774872333e-07 5.689910888671875e-08 4.65350341796875e-08 3.532126103219771 4.318785433200533
letters 4096 2.5567994744051247e-05 1.6275014204438775e-05 1.6238395764958114e-05 1.570996769826348 1.5745394504564347 2.554140315623954e-05 1.615820068359375e-05 1.619226806640625e-05 1.5807083756654314 1.5773826774292192
year_prediction_msd 4096 3.1018207664601504e-07 1.4068114978726953e-07 1.2876364053227007e-07 2.2048588394042534 2.408925962048105 2.0121275156270713e-07 5.175567626953125e-08 4.273223876953125e-08 3.8877426799495187 4.708687336694724
Geomean speedup (Total): 4096 1.8551953319026033
Geomean speedup (Kernel): 4096 2.3113489873513706
Geomean speedup (AutoTune Total): 4096 1.9579388666323387
Geomean speedup (AutoTune Kernel): 4096 2.5326857205575077
