abalone 8192 7.052549699437805e-07 3.96603463741485e-07 4.0415525290882217e-07 1.7782370413272068 1.745010029853272 6.64962426526472e-07 3.8132568359375e-07 3.854620361328125e-07 1.7438175689075743 1.7251048461160428
airline 8192 1.987769064726308e-07 6.364862201735377e-08 5.311019776854664e-08 3.1230355060700976 3.74272578194676 1.7711085092741996e-07 3.6949005126953127e-08 3.68212890625e-08 4.793386190477514 4.81001223576921
airline-ohe 8192 1.509519206592813e-06 1.1307591557851993e-06 1.1054822971345856e-06 1.3349608525120478 1.365484739561631 8.961776256910525e-07 5.920513916015625e-07 5.76617431640625e-07 1.5136821539542302 1.5541979421974748
covtype 8192 1.1334307782817633e-06 4.157087823841721e-07 4.1721366869751367e-07 2.726501883797868 2.71666741365446 1.0420408216305077e-06 3.5544509887695314e-07 3.5574569702148436e-07 2.9316505556635573 2.929173368378301
epsilon 8192 2.181099698645994e-06 1.9841064931824805e-06 1.8848917534342035e-06 1.099285600919303 1.1571485177714373 3.9361078961519526e-07 3.905349731445313e-07 3.2225662231445315e-07 1.0078759053149529 1.2214203288927785
higgs 8192 2.2874228307045995e-07 6.900423613842577e-08 6.97608629707247e-08 3.314902038935582 3.2789485870673953 1.8423437722958624e-07 4.493118286132812e-08 4.498046875e-08 4.100367840263452 4.095874995290845
letters 8192 3.205176777555607e-05 2.8046435909345745e-05 1.5318832447519525e-05 1.1428107257248916 2.092311400712918 3.401276757358573e-05 2.7942591552734376e-05 1.527596435546875e-05 1.2172374029586868 2.22655452592813
year_prediction_msd 8192 2.7309699362376705e-07 1.0923529771389439e-07 1.0222538548987359e-07 2.5000800962620526 2.671518354419118 1.8391809135209768e-07 4.43359375e-08 4.107711791992188e-08 4.148284703624406 4.477385480418522
Geomean speedup (Total): 8192 1.9516134248507253
Geomean speedup (Kernel): 8192 2.2966536775321162
Geomean speedup (AutoTune Total): 8192 2.181987115975312
Geomean speedup (AutoTune Kernel): 8192 2.5667604731948344
