abalone 256 1.8850874696527758e-06 6.565394540948253e-07 6.066325811609145e-07 2.8712478098544083 3.1074616303088742 1.3145381554720863e-06 5.165210748487903e-07 4.687893775201613e-07 2.5449845504501685 2.8041125044808672
airline 256 1.791126447759809e-06 2.8443721783978323e-07 3.0501569140582317e-07 6.297088901947805 5.872243619678952 1.1749630944142418e-06 1.2515782510080644e-07 9.171969506048387e-08 9.387851646254527 12.810368521607286
airline-ohe 256 2.418829488658136e-06 1.6270814869072168e-06 1.4575359396516316e-06 1.4866062382996483 1.6595333417550342 1.553252053957793e-06 7.836644720262097e-07 6.149503843245967e-07 1.9820370954699147 2.525816868402705
covtype 256 2.2388428014012113e-06 8.443472230987203e-07 7.764900839256663e-07 2.651566488469931 2.883285759532683 1.7056842109248523e-06 6.564390120967742e-07 5.696619833669355e-07 2.598389461157429 2.9942040380570254
epsilon 256 3.600915923954979e-06 2.6922410489210196e-06 2.711342212053076e-06 1.337516165351588 1.328093483717167 1.1912179029276295e-06 3.4041535408266127e-07 3.6715395035282256e-07 3.4993072099749423 3.244464350125906
higgs 256 1.834331515936121e-06 3.1615945420438246e-07 3.0430345495622e-07 5.8019189100393325 6.027968089287797 1.1761909005262197e-06 1.1198872227822581e-07 1.028773941532258e-07 10.502762033520485 11.432938306878173
letters 256 2.364512578013443e-05 3.2624484250141727e-05 2.5666001132659374e-05 0.7247662705972651 0.9212625550010817 2.305169875222829e-05 3.203727822580645e-05 2.512415070564516e-05 0.7195273765066547 0.917511561775849
year_prediction_msd 256 1.8788536920422507e-06 4.197106200961336e-07 4.0139064132686585e-07 4.476545510361173 4.6808607341500945 1.1913035996258258e-06 1.3291913432459677e-07 9.597010458669354e-08 8.96261930743988 12.413278121935095
Geomean speedup (Total): 256 2.5511740034734816
Geomean speedup (Kernel): 256 3.6149675884408476
Geomean speedup (AutoTune Total): 256 2.7220683744394343
Geomean speedup (AutoTune Kernel): 256 4.290223336100905
abalone 512 1.2237320188432932e-06 4.867894652610023e-07 5.371196505924066e-07 2.5138835290676713 2.2783229351106398 9.79032910739382e-07 4.054480794270833e-07 4.523955078125e-07 2.414693669588472 2.1641083826702197
airline 512 9.942907684793075e-07 1.5481320830682915e-07 1.4955387450754641e-07 6.422518978540199 6.648378530835964 6.012005032971502e-07 6.031787109375e-08 6.092659505208333e-08 9.967203622997982 9.86762025324428
airline-ohe 512 1.8574013762796919e-06 1.2850974841664235e-06 1.4602136410151918e-06 1.4453388938695904 1.2720065914384702 1.201242906972766e-06 6.425602213541666e-07 5.871560872395833e-07 1.869463541395701 2.0458663940966866
covtype 512 1.644425249348084e-06 7.48008955270052e-07 6.307635145882765e-07 2.198403157826367 2.6070392648209264 1.3665698158244293e-06 6.237976888020833e-07 4.8168212890625e-07 2.190726000361971 2.83707809323855
epsilon 512 2.8018709272146224e-06 2.5404926855117084e-06 2.2022625974689922e-06 1.1028848629218813 1.2722692245850906 7.247766867900888e-07 6.3730029296875e-07 3.166949869791667e-07 1.137260871815774 2.2885638124665584
higgs 512 9.946287609636784e-07 1.7111923079937697e-07 1.704049063846469e-07 5.812489667685555 5.836855182552961 6.074204575270415e-07 6.973665364583333e-08 7.003694661458333e-08 8.710203684448429 8.672857497196519
letters 512 2.304726978763938e-05 2.970847145964702e-05 3.170243076359232e-05 0.7757810703571356 0.7269874653935782 2.262692619115114e-05 2.9368792317708334e-05 3.11708984375e-05 0.7704411521718553 0.7258990701381236
year_prediction_msd 512 1.0411505354568363e-06 2.792488085106015e-07 2.296671736985445e-07 3.7283974137970572 4.5333014670325715 6.239829817786813e-07 1.1527587890625e-07 7.265706380208333e-08 5.412953583170211 8.588056675100454
Geomean speedup (Total): 512 2.451955720949416
Geomean speedup (Kernel): 512 3.196427568023417
Geomean speedup (AutoTune Total): 512 2.5736751459677505
Geomean speedup (AutoTune Kernel): 512 3.7831056831458922
abalone 1024 9.345211271595742e-07 3.7363510013424923e-07 4.725322443326669e-07 2.5011598932321815 1.9776875300422103 8.073606711280133e-07 3.3369437081473213e-07 4.2433401925223213e-07 2.4194614645635175 1.9026536513635097
airline 1024 5.104593583382666e-07 1.062462355808488e-07 1.0230773893584098e-07 4.804493594973811 4.989450100723904 3.271688806957432e-07 5.424473353794643e-08 5.42138671875e-08 6.031348286868717 6.034782199989932
airline-ohe 1024 1.7955249391629227e-06 1.2459837515572353e-06 1.2529656773300043e-06 1.4410500433242959 1.4330200512667515 1.02510630053335e-06 5.589718191964285e-07 5.566122000558036e-07 1.8339140996535945 1.8416885228720774
covtype 1024 1.3251869989159917e-06 9.186707237469298e-07 6.591445916066212e-07 1.442504876514435 2.010464799060152 1.1696832370944322e-06 8.189712960379464e-07 4.5980643136160716e-07 1.4282347168370548 2.543860105720344
epsilon 1024 2.4548603271666382e-06 2.195446618965694e-06 2.0194759625675423e-06 1.118159879616275 1.2155927441916925 5.438544654420444e-07 5.083684430803571e-07 3.3063145228794643e-07 1.0698037473503799 1.6448963390464206
higgs 1024 5.165741562710277e-07 1.3305755731250559e-07 1.3247726851009896e-07 3.8823360860125815 3.8993418424206747 3.333755220020456e-07 6.332868303571428e-08 6.355712890625e-08 5.264210560229684 5.245289202628888
letters 1024 2.2198424475001436e-05 2.956806349435023e-05 2.943322594676699e-05 0.7507567913347806 0.7541961086817179 2.1993527854127542e-05 2.9359061104910714e-05 2.923083286830357e-05 0.7491223161236862 0.7524085253819848
year_prediction_msd 1024 5.479836337534445e-07 1.9612131706838097e-07 1.9059017566697938e-07 2.794105413652616 2.8751934974389406 3.371571490008916e-07 7.001116071428572e-08 6.965837751116071e-08 4.815762880675894 4.840152197729155
Geomean speedup (Total): 1024 2.27971349632416
Geomean speedup (Kernel): 1024 2.8633000804305313
Geomean speedup (AutoTune Total): 1024 2.3792471829872515
Geomean speedup (AutoTune Kernel): 1024 3.309255449072153
abalone 2048 7.834166657024373e-07 3.6945915780961515e-07 4.324838907147447e-07 2.120441865203778 1.8114354835453486 7.198680638490865e-07 3.400022379557292e-07 4.058770751953125e-07 2.1172450751421783 1.773611045912554
airline 2048 3.073675422153125e-07 8.029693465990325e-08 8.067421731539071e-08 3.8278863759515134 3.8099848060958394 2.392692840658128e-07 4.79803466796875e-08 4.84173583984375e-08 4.986818575179399 4.941807896597977
airline-ohe 2048 1.6115024239600946e-06 1.1786704999394714e-06 1.1749125163381299e-06 1.3672204607164178 1.371593545520046 9.422804578207433e-07 5.955043538411458e-07 5.585748291015625e-07 1.5823233730245774 1.6869368412757706
covtype 2048 1.1772907358439018e-06 6.837144125408182e-07 5.489106115419417e-07 1.7219042252873624 2.1447767834853493 1.0892995245133838e-06 6.086220296223958e-07 4.287082926432292e-07 1.7897799808350876 2.5408874593893107
epsilon 2048 2.2720206955758234e-06 1.9446961717524875e-06 1.9097801608343918e-06 1.168316536319585 1.1896765618212135 4.5471150466861824e-07 3.6010050455729165e-07 3.3002888997395834e-07 1.2627349834670227 1.3777930311025144
higgs 2048 3.2736410503275694e-07 1.0214319142202536e-07 1.0186418270071347e-07 3.204952777323998 3.213731228714448 2.445365923146407e-07 5.6530354817708333e-08 5.6619669596354166e-08 4.325757252067322 4.31893358011377
letters 2048 2.2907295691159864e-05 2.8779666366366048e-05 2.8605669892082613e-05 0.7959541781877968 0.8007956386821087 2.237901499029249e-05 2.8651058756510417e-05 2.8514083658854165e-05 0.7810885866550141 0.7848407565200988
year_prediction_msd 2048 3.5510267480276527e-07 1.5959007820735375e-07 1.5564820690390965e-07 2.2250924292510468 2.281444045301402 2.4447528024514516e-07 6.54754638671875e-08 6.18255615234375e-08 3.7338457157179756 3.9542751286208184
Geomean speedup (Total): 2048 2.158362086862658
Geomean speedup (Kernel): 2048 2.668917615067198
Geomean speedup (AutoTune Total): 2048 2.2365109877850555
Geomean speedup (AutoTune Kernel): 2048 3.0101378825987677
