abalone 256 1.867288993971963e-06 6.574044324537759e-07 6.113717612880533e-07 2.840396112028432 3.0542611095381833 1.3218762012579107e-06 5.148443800403226e-07 4.6733807963709675e-07 2.567525746623439 2.8285223457168107
airline 256 1.7984869879900768e-06 2.9980505426083844e-07 2.958806812442759e-07 5.99885479724216 6.078419788770411 1.1661077438983866e-06 1.2395077284946236e-07 9.329595094086021e-08 9.407829552742031 12.49901771876012
airline-ohe 256 2.4229003196602225e-06 1.6199442888459852e-06 1.9258015378508516e-06 1.495668916729381 1.2581256541959775 1.5814178773472386e-06 7.834059979838709e-07 6.125890456989247e-07 2.0186440765287545 2.5815314335941846
covtype 256 2.242896094998365e-06 8.492942859408676e-07 7.705783511521995e-07 2.64089389523401 2.910665854607383 1.704863032266017e-06 6.561319724462365e-07 5.695976142473119e-07 2.5983538432212483 2.9931007251827912
epsilon 256 3.5790786627800234e-06 2.2334601449710065e-06 2.2366366058748254e-06 1.6024815445392624 1.6002057077037433 1.2133189887609534e-06 3.417103494623656e-07 3.680622059811828e-07 3.5507235606704466 3.296505234832463
higgs 256 1.8272425238323467e-06 3.258515429753129e-07 3.2736694500330955e-07 5.607592056026514 5.581634162281944 1.2072543763825971e-06 1.1238344254032258e-07 1.02764406922043e-07 10.742279726387993 11.74778712339983
letters 256 2.369034104049206e-05 3.2668830376238595e-05 2.691425262920318e-05 0.72516648951482 0.8802154518972958 2.306303790500087e-05 3.208551285282258e-05 2.5118785912298387e-05 0.7187991044678596 0.9181589422962118
year_prediction_msd 256 1.899644742489502e-06 4.1385792115683197e-07 4.1427866866191227e-07 4.590089123290283 4.5854273613102166 1.1786956700586503e-06 1.3312037970430108e-07 9.39875252016129e-08 8.854359285008613 12.54097996016202
Geomean speedup (Total): 256 2.5881100947020226
Geomean speedup (Kernel): 256 3.639087808312826
Geomean speedup (AutoTune Total): 256 2.652558076692632
abalone 512 1.227061471177472e-06 4.89140653775798e-07 5.513763883047633e-07 2.50860659752053 2.2254516101970547 9.913066298597388e-07 4.0431966145833334e-07 4.4976410590277776e-07 2.451789325021229 2.2040590097112425
airline 512 1.0008772110773458e-06 1.6260224704941115e-07 1.791141823761993e-07 6.15537133858428 5.5879283136562075 6.016456108126375e-07 6.118467881944445e-08 6.203841145833334e-08 9.833272355455023 9.697953198184626
airline-ohe 512 2.1430801393257247e-06 1.5278929947978921e-06 1.4732046466734675e-06 1.4026375843219367 1.4547063397911844 1.2202034186985757e-06 6.394624565972222e-07 5.898446180555555e-07 1.9081705362214008 2.0686861952237883
covtype 512 1.6401376989152696e-06 7.510324940085411e-07 6.256233383384016e-07 2.1838438576222474 2.6216056825362775 1.3534589670598507e-06 6.243862847222222e-07 4.815681423611111e-07 2.1676628718101636 2.8105243017610975
epsilon 512 2.7859873241848415e-06 2.5310301635828284e-06 2.2052830706040066e-06 1.1007325650521311 1.263324133450943 7.255360898044374e-07 6.374405381944445e-07 3.1691145833333334e-07 1.138201991137125 2.2893968353813987
higgs 512 1.0027662954396673e-06 1.665326352748606e-07 1.8448786189158757e-07 6.021440144657595 5.435405262753453 6.027246514956156e-07 7.018706597222222e-08 7.28122829861111e-08 8.587403436042683 8.277788125536249
letters 512 2.3018617803851763e-05 2.9720761502782503e-05 3.292195498943329e-05 0.7744962322616372 0.6991874513904134 2.270755482216676e-05 2.9351112630208332e-05 2.9269311848958332e-05 0.7736522668921251 0.7758144413967457
year_prediction_msd 512 1.0709861914316812e-06 2.942172706955009e-07 2.7066034575303394e-07 3.640120068070696 3.956937941729043 6.184724883900748e-07 1.16353515625e-07 7.945160590277777e-08 5.315460259777387 7.784266678597769
Geomean speedup (Total): 512 2.4583265178339833
Geomean speedup (Kernel): 512 3.2039161692364337
Geomean speedup (AutoTune Total): 512 2.4917353015142334
abalone 1024 9.176635094696567e-07 3.6949757486581803e-07 4.6880682930350303e-07 2.483544066027777 1.9574448410510807 8.040414901361579e-07 3.306094215029762e-07 4.218050130208333e-07 2.431998115724962 1.9061923526652007
airline 1024 4.956849651145083e-07 1.0369251304793925e-07 1.201012526594457e-07 4.7803351519250254 4.127225604549294 3.27094014556635e-07 5.397088913690476e-08 5.888974144345238e-08 6.060563755525965 5.554346250114208
airline-ohe 1024 1.7883707880086842e-06 1.2375458720184509e-06 1.2398214035090945e-06 1.4450945443273402 1.4424422605925482 1.022351040904011e-06 5.555652436755952e-07 5.533489118303571e-07 1.8401997830897077 1.8475703467497522
covtype 1024 1.3241073715367488e-06 9.169197264349177e-07 5.54974955905761e-07 1.4440821081306872 2.385886709744777 1.1697771870309397e-06 8.184307570684524e-07 4.4858514694940476e-07 1.4292927983559411 2.6077037882016123
epsilon 1024 2.4612826694335256e-06 2.184074560535096e-06 2.007782736438371e-06 1.1269224567271705 1.2258710191918591 5.498400423675776e-07 5.075760323660714e-07 3.313632347470238e-07 1.08326636268559 1.65932724186299
higgs 1024 5.187568188245807e-07 1.306463742539996e-07 1.5319502424626122e-07 3.970694340250315 3.386251096449963 3.3547569598470416e-07 6.28085472470238e-08 8.1953125e-08 5.341242723944721 4.093507062539765
letters 1024 2.2242648826379862e-05 2.954554943633931e-05 2.9415322434423225e-05 0.7528256962797482 0.756158593058645 2.1955741270046148e-05 2.935177036830357e-05 2.9267744838169643e-05 0.7480210220558193 0.7501685350697906
year_prediction_msd 1024 5.427145931337561e-07 2.0215359871231376e-07 2.002944460227376e-07 2.6846645154514275 2.709583834751697 3.3752150124027615e-07 7.002278645833334e-08 8.278971354166667e-08 4.820166667333589 4.076853111351898
Geomean speedup (Total): 1024 2.282223547110962
Geomean speedup (Kernel): 1024 2.872630434511725
Geomean speedup (AutoTune Total): 1024 2.3080324605621607
abalone 2048 7.839019074001246e-07 3.6665710568841963e-07 4.3354818545695807e-07 2.137970041323225 1.8081079190168794 7.199646077222295e-07 3.366061740451389e-07 4.030338541666667e-07 2.138893054367096 1.7863626101853527
airline 2048 2.983176252908177e-07 8.342632402976354e-08 9.241998971750339e-08 3.5758212861493046 3.227847419185759 2.341646985668275e-07 4.7400987413194445e-08 5.080864800347222e-08 4.940080604769129 4.608756732728351
airline-ohe 2048 1.6067102034058836e-06 1.1708671485798226e-06 1.1249579903152253e-06 1.372239545156517 1.428240180733919 9.382117099853026e-07 5.941159396701389e-07 5.571869574652778e-07 1.5791727629900156 1.683836452765083
covtype 2048 1.1772675982986887e-06 6.783370756440693e-07 5.447304445422358e-07 1.7355200542162517 2.161192953494651 1.0879665690784653e-06 6.087575954861111e-07 4.273871527777778e-07 1.7871917773932522 2.54562300716643
epsilon 2048 2.2728976586626636e-06 1.9351202192612822e-06 1.8849657175855505e-06 1.1745511395309205 1.2058031811708567 4.534101268897454e-07 3.598757595486111e-07 3.2629964192708336e-07 1.2599073843107789 1.3895514080615106
higgs 2048 3.1635520928021935e-07 1.005461025569174e-07 1.062648112161292e-07 3.1463696874887432 2.9770457939909463 2.4075290032972893e-07 5.597927517361111e-08 5.858127170138889e-08 4.3007505828375026 4.109724718113639
letters 2048 2.3110890566992263e-05 2.8801907513601086e-05 2.8657883134049675e-05 0.8024083320203232 0.8064409523511948 2.2752412478439508e-05 2.8698221842447917e-05 2.8561487630208334e-05 0.79281610558833 0.7966116041650155
year_prediction_msd 2048 3.53959945237471e-07 2.1947224417494402e-07 2.1347265121423536e-07 1.6127777185133496 1.6581044139572072 2.4623657938920787e-07 6.441351996527778e-08 6.800320095486112e-08 3.822746832061687 3.620955718726443
Geomean speedup (Total): 2048 2.134962030083502
Geomean speedup (Kernel): 2048 2.6777554081994563
Geomean speedup (AutoTune Total): 2048 2.152577955188615
