abalone 4096 7.393665146082639e-07 4.547002026811242e-07 4.0078516273448864e-07 1.6260527491490318 1.8447951255572752 6.690264369050662e-07 4.105171712239583e-07 3.8965291341145835e-07 1.6297160844949838 1.7169804558822848
airline 4096 2.2827230471496782e-07 9.374275881176193e-08 8.798427491759261e-08 2.4350926685798204 2.594467078677083 1.9125475470597545e-07 4.4641927083333335e-08 3.8798014322916666e-08 4.284195759492173 4.92949853345994
airline-ohe 4096 1.5370155839870373e-06 1.0853970889002084e-06 1.1347783341382941e-06 1.4160859649480326 1.3544632795216225 8.995275129564106e-07 5.587935384114583e-07 5.850374348958333e-07 1.6097672058155734 1.537555478166235
covtype 4096 1.1695794334324699e-06 4.0377451417346794e-07 4.000136201890806e-07 2.8966152948672734 2.9238490251397606 1.0473332561862965e-06 3.5243204752604166e-07 3.5545694986979164e-07 2.971731043014491 2.946441915314774
epsilon 4096 2.240475247769306e-06 1.949655512968699e-06 1.8969533266499638e-06 1.149164676973001 1.1810913933902658 4.1100768915688e-07 3.63150634765625e-07 3.2082763671875e-07 1.131782929202758 1.281085673791829
higgs 4096 2.3959806033720573e-07 1.1653202818706632e-07 1.0693494308119019e-07 2.056070456034492 2.240596510677443 1.989963736074666e-07 5.5906982421875e-08 4.856160481770833e-08 3.5594189667730003 4.097812960557292
letters 4096 2.5507881364319474e-05 1.6273505170829594e-05 1.622328854864463e-05 1.5674485058106955 1.5723002945941267 2.6130280748475343e-05 1.61669970703125e-05 1.61782958984375e-05 1.6162729933599385 1.6151441976654046
year_prediction_msd 4096 3.1064177164807915e-07 1.4099864832436044e-07 1.4367193216457962e-07 2.203154252468173 2.1621604649419734 1.9848366112758715e-07 5.1349283854166665e-08 5.6585693359375e-08 3.8653637642013865 3.50766508889482
Geomean speedup (Total): 4096 1.8419851565493843
Geomean speedup (Kernel): 4096 2.320465664008807
Geomean speedup (AutoTune Total): 4096 1.9009628646227201
