abalone 8192 7.087074239583065e-07 3.961369899722437e-07 3.9795985988651714e-07 1.789046319577386 1.7808515264841098 6.633654023365429e-07 3.809012858072917e-07 3.827498372395833e-07 1.7415677684851856 1.7331565889636353
airline 8192 1.9614638100999096e-07 6.342966419955095e-08 5.173676375610133e-08 3.0923446227448195 3.7912379277271544 1.744769300178935e-07 3.655293782552083e-08 3.6480712890625e-08 4.773266949177359 4.78271711797418
airline-ohe 8192 1.5105480755058428e-06 1.1358276242390274e-06 1.1281548358965666e-06 1.3299096124007967 1.338954572051611 8.927205635700375e-07 5.92347412109375e-07 5.910642496744792e-07 1.5070894973458575 1.510361291622174
covtype 8192 1.128605460204805e-06 4.1678644871960086e-07 4.146189409463356e-07 2.70787465300747 2.7220306376473067 1.0407183920809379e-06 3.5415323893229166e-07 3.543398030598958e-07 2.9386104027130084 2.937063189327957
epsilon 8192 2.185427729273215e-06 1.9765653026600678e-06 1.8762574472930281e-06 1.10566937825533 1.16478030902755 3.924480794618527e-07 3.900653076171875e-07 3.2094970703125e-07 1.0061086484702293 1.2227712656040566
higgs 8192 2.2686532853792112e-07 6.753534156208236e-08 6.719696102663874e-08 3.359209019908095 3.3761248287401777 1.8213050983225307e-07 4.437540690104167e-08 4.440653483072917e-08 4.104311882444456 4.101434856975586
letters 8192 3.387563265278004e-05 2.792452636640519e-05 1.54088472481817e-05 1.2131139561075734 2.1984534019426722 3.3594893902773035e-05 2.7889026489257812e-05 1.5249622802734375e-05 1.204591846033528 2.2029983519821363
year_prediction_msd 8192 2.703859839433183e-07 1.1389512413491806e-07 1.0503242568423351e-07 2.3739908621814583 2.5743096208803085 1.8207608566929898e-07 4.3950602213541664e-08 4.082722981770833e-08 4.142743819177962 4.4596727841261865
Geomean speedup (Total): 8192 1.9546787348499048
Geomean speedup (Kernel): 8192 2.2909008791447905
Geomean speedup (AutoTune Total): 8192 2.1994470983908747
