abalone 1024 5.225316022655794e-06 2.0716367067680472e-07 7.329048544523261e-08 7.5247593312746e-08 71.29596687636197 69.4416365044155 2.826610704217682 2.75309364135788 1.3358519589971928e-07 4.396647135416667e-08 4.484933035714286e-08 3.0383424410760567 2.978532674533992
airline 1024 1.2206339410373143e-06 1.8027245200106076e-07 4.78863339161589e-08 4.8503612301179344e-08 25.490235756498787 25.165835762043546 3.7645907977981397 3.7166809531973253 1.0702991858124733e-07 1.4367327008928572e-08 1.4471261160714286e-08 7.4495359167876956 7.396032549796403
airline-ohe 1024 1.155137843895881e-05 6.030950074394544e-07 4.5075824129439537e-07 4.464772618597462e-07 25.626549624002266 25.8722659040753 1.3379566964934673 1.3507854911296855 1.5689897173572155e-07 6.52925037202381e-08 6.104236421130953e-08 2.403016622061149 2.5703292092781087
covtype 1024 5.069855500810912e-06 2.3589458405261947e-07 9.870832963358789e-08 9.828152888942332e-08 51.36198251586837 51.585028825864256 2.389814364484501 2.400192454454232 1.5634999033950625e-07 4.924130394345238e-08 4.9010184151785716e-08 3.1751797336450536 3.190153088494558
epsilon 1024 6.327480909281544e-06 1.2645466874043146e-06 9.012910803513867e-07 9.023448053215232e-07 7.020463252354219 7.012265014399832 1.4030391678915821 1.4014007505187906 1.1466964635820616e-07 3.1838030133928575e-08 3.189662388392857e-08 3.60165644280885 3.5950402392268104
higgs 1024 1.2359361807327894e-06 1.8150717507870425e-07 5.6820988122906e-08 5.967111238056705e-08 21.751402458179918 20.712470933176267 3.1943685084479205 3.041793052576229 1.0718264439631076e-07 1.493768601190476e-08 1.442964099702381e-08 7.175317804303178 7.427949483872658
letters 1024 0.000131467613890501 2.0679113055978502e-06 1.8794545238571508e-06 1.8599937071225474e-06 69.94987759570462 70.681751979626 1.1002720626375864 1.11178403328953 2.009987531762038e-06 1.8515771484375e-06 1.8374588448660715e-06 1.0855542981064636 1.0938952659418837
year_prediction_msd 1024 1.3172681931228865e-06 1.9094053034981093e-07 8.091751840852556e-08 7.890170395729088e-08 16.279147198662702 16.695053808165127 2.3596933532466466 2.4199798074470755 1.0881201541494755e-07 1.4716796875e-08 1.5210425967261904e-08 7.393729514592322 7.1537783129248735
Geomean speedup (Total): 1024 2.112029880892203
Geomean speedup (Kernel): 1024 3.7091013058481974
Geomean speedup (AutoTune Total): 1024 2.1015591248816987
Geomean speedup (AutoTune Kernel): 1024 3.7334528592878486
Geomean speedup (XGB Total): 1024 28.338724342057947
Geomean speedup (XGB AutoTune Total): 1024 28.198230180058086

abalone 2048 2.6206786666686335e-06 1.2787084819542037e-07 5.3179747838940883e-08 5.375949614163902e-08 49.2796369513742 48.74819994153193 2.404502717513582 2.378572296483615 9.099170306904448e-08 3.624728732638889e-08 3.641927083333333e-08 2.5103037987286942 2.4984493370406207
airline 2048 6.849544459126061e-07 9.863411024626759e-08 3.404294451077779e-08 3.089973082145055e-08 20.120305565687882 22.16700365030726 2.897343683506596 3.192070209808945 6.313584486229552e-08 1.0015733506944444e-08 1.0010036892361111e-08 6.303666607994319 6.307253963317152
airline-ohe 2048 6.685228630279501e-06 4.585230878243844e-07 4.0763698052614925e-07 3.662158916186955e-07 16.39995621018161 18.25488402682473 1.124831920873702 1.2520567739365043 1.1217114256901874e-07 5.6719835069444444e-08 5.3737250434027776e-08 1.9776352034818676 2.087400111896852
covtype 2048 2.6877214744066197e-06 2.1316913060016103e-07 9.464714417441023e-08 9.399088513520029e-08 28.39728021221479 28.595554457652913 2.2522510579647856 2.267976626600866 1.1121123356537686e-07 5.580186631944444e-08 4.1370442708333335e-08 1.9929662016810492 2.6881808915952297
epsilon 2048 5.661649176747434e-06 1.1860636813152168e-06 8.394522592425347e-07 8.417520439252258e-07 6.744456417159597 6.726029615973665 1.4129018872204133 1.4090416410329225 7.01635791402724e-08 2.573947482638889e-08 2.9713270399305555e-08 2.725913392309721 2.36135498372849
higgs 2048 7.18829817035132e-07 1.0385087484286891e-07 3.90790066578322e-08 4.02542840068539e-08 18.394270441136314 17.857225256142684 2.6574594321745675 2.5798713703412717 6.520577395955722e-08 1.1119249131944445e-08 1.1027018229166667e-08 5.864224570005165 5.913273434797336
letters 2048 6.623378295140961e-05 2.2933498257771133e-06 1.808511830555896e-06 1.7935600286970536e-06 36.623361723351756 36.92866806332972 1.2680867147394823 1.2786579702287055 2.3451146747296057e-06 1.78970947265625e-06 1.7765275065104166e-06 1.3103326045701902 1.3200553698918227
year_prediction_msd 2048 8.047755626547668e-07 1.1122041744076543e-07 1.0181237788250048e-07 1.0113380590660704e-07 7.9044962841702935 7.9575326513267415 1.092405655912708 1.0997353105001602 6.105608513785733e-08 9.466959635416666e-09 9.888237847222223e-09 6.449386866448817 6.17461736673426
Geomean speedup (Total): 2048 1.9276474489006306
Geomean speedup (Kernel): 2048 3.3883137165176964
Geomean speedup (AutoTune Total): 2048 1.9449538272541709
Geomean speedup (AutoTune Kernel): 2048 3.4373855115672116
Geomean speedup (XGB Total): 2048 23.169697456890788
Geomean speedup (XGB AutoTune Total): 2048 23.377714514550735
