abalone 256 2.061797095642936e-05 6.830343796360877e-07 1.7837075496553093e-07 1.8009174895542924e-07 115.59053478477263 114.48592773415778 3.829295782080868 3.7927022398185013 4.0436719333933246e-07 8.340620799731183e-08 8.130313340053764e-08 4.848166617913683 4.973574528145535
airline 256 4.751380703221726e-06 6.404657778079792e-07 1.5135874511093223e-07 1.4742560965079135e-07 31.391517548189206 32.2290049502008 4.231442176258636 4.344331892708855 3.6627750202853195e-07 4.639427923387097e-08 4.359438004032258e-08 7.894885060766814 8.401943133260387
airline-ohe 256 3.9621316126838166e-05 7.978860809597918e-07 5.647222140944132e-07 5.607328487820523e-07 70.16071820439149 70.65988057039677 1.4128824066878252 1.4229344378394302 4.263111560415196e-07 9.927041330645161e-08 9.852423555107526e-08 4.2944432469066145 4.326967407126124
covtype 256 1.9809420631136946e-05 7.078499703477787e-07 2.347943823664419e-07 2.404473601810394e-07 84.36922737027211 82.38568564954048 3.0147653585810343 2.9438874679880835 4.241469326198742e-07 1.1548009072580645e-07 1.1492313508064516e-07 3.672900929970344 3.6907010265795224
epsilon 256 1.0801175338847022e-05 1.9787049161330344e-06 1.347443859984157e-06 1.3274529708489295e-06 8.016048504591517 8.136766858067658 1.4684878345553483 1.4906026500265526 3.8537492234540244e-07 5.332850302419355e-08 5.2672001008064515e-08 7.226434279817855 7.316504309118584
higgs 256 4.851051245725924e-06 6.617585157034217e-07 1.6345006604028004e-07 1.5471701420122577e-07 29.679102390392725 31.354348910951845 4.048689191354259 4.277218760457302 3.766424713596221e-07 4.456044186827957e-08 4.357715893817204e-08 8.45239534367669 8.643116727595949
letters 256 0.000536975140322841 2.485707912954592e-06 2.6849292278770477e-06 2.6645236498405855e-06 199.99601283622027 201.52763153555324 0.925800161563298 0.9328901671048436 2.235446816250201e-06 2.5856432711693547e-06 2.5761082409274194e-06 0.8645611872202396 0.8677612146628678
year_prediction_msd 256 4.560429232335219e-06 6.7681179291779e-07 2.0489321961518257e-07 2.0485030867720164e-07 22.257589787013586 22.262252186895346 3.303241533267596 3.303933478490844 3.7358467897740743e-07 4.6703419018817203e-08 4.5983912970430105e-08 7.999086294450669 8.124247260506964
Geomean speedup (Total): 256 2.439642295102114
Geomean speedup (Kernel): 256 4.740481170185724
Geomean speedup (AutoTune Total): 256 2.4634592078804762
Geomean speedup (AutoTune Kernel): 256 4.832671549747384
Geomean speedup (XGB Total): 256 46.7321117484179
Geomean speedup (XGB AutoTune Total): 256 47.188332167163416

abalone 512 1.0243541354106531e-05 3.735575721495681e-07 1.0378275894456439e-07 1.0313771458135711e-07 98.7017637445746 99.31906476390088 3.5994184000167513 3.621929898930409 2.3188824868864484e-07 5.0681640625e-08 5.039995659722222e-08 4.575389545978117 4.600961277443348
airline 512 2.5411682824293774e-06 3.462433297601011e-07 8.291332051157952e-08 8.320342749357223e-08 30.648492506996902 30.541629821988906 4.175967475717553 4.161407050050308 2.003860039015611e-07 2.4223307291666666e-08 2.3115234375e-08 8.272446098658797 8.66900160520484
airline-ohe 512 2.101659102158414e-05 8.149731697307692e-07 6.136964592668745e-07 6.040577362808917e-07 34.245905617071166 34.79235470268236 1.3279743714088577 1.349164360924268 2.5115969280401863e-07 7.170638020833333e-08 7.106423611111111e-08 3.5026129066103686 3.5342628943667633
covtype 512 1.0033237644367748e-05 3.904983297818237e-07 1.4592003491189745e-07 1.4527783625655704e-07 68.75846521298837 69.06241105249737 2.6761118171167926 2.6879415321977493 2.454999420377943e-07 7.008637152777778e-08 7.021809895833334e-08 3.5028199732168153 3.496248768903176
epsilon 512 7.883685692730877e-06 1.5233564190566539e-06 1.0715113021433353e-06 1.0681641805503104e-06 7.357538531755293 7.3805935794151605 1.4216895482198801 1.4261444511946018 2.120502500070466e-07 4.122092013888889e-08 4.1382161458333334e-08 5.144238636414932 5.1241946417070245
higgs 512 2.4695140827033256e-06 3.482464493976699e-07 8.755270391702652e-08 9.093888931804233e-08 28.206028737201287 27.155753728931597 3.977563613885668 3.829455714812404 1.994331574274434e-07 2.4629774305555555e-08 2.3798828125e-08 8.097238527372893 8.379957045781783
letters 512 0.0002657433704783519 2.1503190509974955e-06 2.4372128148873647e-06 2.4202362013359863e-06 109.03576776516876 109.80059315353594 0.8822861253078025 0.8884748727461003 2.0309799971679847e-06 2.3851842447916667e-06 2.3759772135416666e-06 0.851498160615001 0.8547977588305976
year_prediction_msd 512 2.363443167673217e-06 3.523386290503873e-07 1.3103134309252104e-07 1.363217727177673e-07 18.037235304872002 17.337239096548082 2.688964493034323 2.5846100885135113 1.9228075527482562e-07 2.5363715277777778e-08 2.475802951388889e-08 7.580938090851813 7.766399792316224
Geomean speedup (Total): 512 2.3556963833621247
Geomean speedup (Kernel): 512 4.53355100169015
Geomean speedup (AutoTune Total): 512 2.360603474554273
Geomean speedup (AutoTune Kernel): 512 4.611295731031306
Geomean speedup (XGB Total): 512 41.09370959068618
Geomean speedup (XGB AutoTune Total): 512 41.17931085144685
