abalone 16384 4.642764542950317e-07 5.98806218476966e-08 4.324766147571305e-08 4.308070250165959e-08 10.735296162909508 10.776900731299508 1.3845979136079822 1.3899639135501525 5.488975148182362e-08 3.31646728515625e-08 3.567209879557292e-08 1.6550668757535347 1.5387306420175004
airline 16384 1.239132204015429e-07 3.0847853243661424e-08 1.9624179306750495e-08 1.9146245904266835e-08 6.3143135040005545 6.4719329847282605 1.5719308696415197 1.611169803098937 2.2911020399381718e-08 4.1253662109375e-09 4.0120442708333335e-09 5.553693715393846 5.71056021638139
airline-ohe 16384 5.139739053750721e-06 4.62870472498859e-07 3.2359554703968265e-07 3.2236741390079257e-07 15.883219348257697 15.943730141820282 1.4303981520552165 1.4358475842763243 7.971024994427959e-08 5.1741841634114586e-08 5.2381591796875e-08 1.5405375500149339 1.5217225595850443
covtype 16384 5.600804918988918e-07 1.0195040279844155e-07 5.5545339516053597e-08 6.501281556362907e-08 10.083303059782693 8.614924412106598 1.8354447679445016 1.5681585532726403 7.271031790878623e-08 2.8427022298177082e-08 2.835174560546875e-08 2.5577887527618 2.5645799352390206
epsilon 16384 8.205472161838163e-06 1.1353791099584973e-06 7.851429108995944e-07 7.807941437931731e-07 10.450928165977537 10.509136405628237 1.4460795534122726 1.4541337418883757 4.2215251596644524e-08 2.7582194010416666e-08 2.8100992838541666e-08 1.5305255115202783 1.5022690422078102
higgs 16384 1.6735670214984567e-07 4.638648533727974e-08 2.5745539460331202e-08 2.5711002914855876e-08 6.500415437311358 6.509147181230593 1.801729010524412 1.8041491998928414 2.4199616746045648e-08 4.19525146484375e-09 4.489339192708334e-09 5.768335211569243 5.390462985142915
letters 16384 1.2027507327729836e-05 3.086460055783391e-06 1.6778600547695532e-06 1.67462247190997e-06 7.16836144560445 7.182220189612057 1.8395217449808727 1.843078131074622 3.0208031239453705e-06 1.6450448608398438e-06 1.643006591796875e-06 1.8363044047340822 1.8385824737572525
year_prediction_msd 16384 3.099358582403511e-07 7.349175575654953e-08 4.61872211114193e-08 4.62068176905935e-08 6.7104244590225575 6.707578529119219 1.591170760831495 1.5904959360901958 2.344240783713758e-08 3.990987141927084e-09 4.27520751953125e-09 5.8738369740319945 5.4833379970542095
Geomean speedup (Total): 16384 1.6029033759828597
Geomean speedup (Kernel): 16384 2.7682895142290236
Geomean speedup (AutoTune Total): 16384 1.5796996901598628
Geomean speedup (AutoTune Kernel): 16384 2.6970367825541235
Geomean speedup (XGB Total): 16384 8.78503353062655
Geomean speedup (XGB AutoTune Total): 16384 8.657861075291143
