abalone 4096 1.3059737587658067e-06 8.781081608807047e-08 6.589320643494526e-08 4.856507681931059e-08 19.819550897939113 26.89121163392295 1.3326232071399338 1.808106191508275 6.829107102627555e-08 3.8206787109375e-08 3.7943929036458336e-08 1.787406798451226 1.7997891299200521
airline 4096 3.016551878924171e-07 5.827945036192735e-08 4.231338001166781e-08 4.078494384884834e-08 7.129073305163436 7.396238891743259 1.3773291177839477 1.4289452151243556 3.8639603493114315e-08 6.7215983072916665e-09 6.739501953125e-09 5.74857373598146 5.733302514319733
airline-ohe 4096 4.456892493180931e-06 8.433315088041127e-07 3.6242505302652716e-07 3.648738493211567e-07 12.297418337839671 12.21488605300962 2.3269128382865585 2.311296110623221 9.235945375015338e-08 6.632161458333333e-08 5.027058919270833e-08 1.3925995971359144 1.8372462951667567
covtype 4096 1.4292757259681821e-06 1.4176398205260436e-07 7.080088835209608e-08 7.057106510425607e-08 20.187256957290256 20.25299921230725 2.002291007248462 2.008811711190323 8.767218484232823e-08 3.7635498046875e-08 3.9549560546875e-08 2.3295077624091105 2.2167676108162375
epsilon 4096 8.508162184928855e-06 1.1294933695656557e-06 8.185362094081938e-07 8.137916059543689e-07 10.394362628234006 10.45496429635811 1.3798942020931313 1.3879393216904095 6.001316554223498e-08 3.3813883463541666e-08 2.9483235677083332e-08 1.774808433551903 2.0355013336911965
higgs 4096 3.9461534470319746e-07 6.068788934499025e-08 5.0360977184027436e-08 5.039279737199346e-08 7.835736452476031 7.830788630172587 1.2050578193355252 1.2042968938001135 3.982587562253078e-08 7.390543619791667e-09 7.391357421875e-09 5.388761324116701 5.388168011556931
letters 4096 3.313936467748135e-05 2.858336374629289e-06 1.690034696366638e-06 1.6556316404603422e-06 19.60868895101788 20.016146024043774 1.6912885757756055 1.726432561916091 2.8483185451477765e-06 1.665242919921875e-06 1.644268798828125e-06 1.7104522776060838 1.732270628243862
year_prediction_msd 4096 5.277118179947138e-07 1.1862003399680059e-07 7.685302989557386e-08 7.166158563146989e-08 6.866506352602579 7.363942806241386 1.5434659395729586 1.6552806214311435 4.0056474972516296e-08 7.35107421875e-09 6.569417317708334e-09 5.449064147705969 6.09741671678266
Geomean speedup (Total): 4096 1.571095579777831
Geomean speedup (Kernel): 4096 2.7171799837566013
Geomean speedup (AutoTune Total): 4096 1.6587080540245547
Geomean speedup (AutoTune Kernel): 4096 2.8901708811211835
Geomean speedup (XGB Total): 4096 11.834094337872493
Geomean speedup (XGB AutoTune Total): 4096 12.49402508858899

abalone 8192 6.86216177806879e-07 6.827782878341774e-08 4.42417028049628e-08 4.2930914787575603e-08 15.510618586088938 15.984196498078653 1.543291158670292 1.5904116909984327 5.906995890351633e-08 3.3653361002604166e-08 3.3628946940104165e-08 1.7552469394942567 1.756521219909878
airline 8192 2.084289735648781e-07 4.012734279967845e-08 1.977154170162976e-08 1.9979246038322648e-08 10.541867534168942 10.43227422922195 2.0295505229301756 2.008451306055758 2.8810560858498016e-08 5.25634765625e-09 5.247395833333333e-09 5.481098805220988 5.490449314969349
airline-ohe 8192 5.49930472819445e-06 4.862154795167347e-07 3.3198928576894106e-07 3.3091292910588285e-07 16.564705440590252 16.61858526668454 1.464551720067052 1.4693154505339965 8.361758470224838e-08 5.230021158854167e-08 5.230855305989583e-08 1.598800122647457 1.5985451672980169
covtype 8192 8.084710376958052e-07 1.1702271876856684e-07 6.79823278915137e-08 6.488194533934196e-08 11.892370602341897 12.460647310548175 1.7213696911837422 1.8036253098842998 7.710269225450854e-08 3.2005208333333334e-08 2.9506022135416666e-08 2.409067032199453 2.6131171426852773
epsilon 8192 8.45321046654135e-06 1.1819586507044733e-06 8.049634925555438e-07 8.04096683471774e-07 10.501358812813569 10.512679184353432 1.4683382061863088 1.4699210617325762 4.844458696121971e-08 3.135538736979167e-08 3.139322916666667e-08 1.5450163759702766 1.543153993621598
higgs 8192 2.5422249260979394e-07 5.757945473305881e-08 3.594919689930975e-08 3.492483908000092e-08 7.071715491220756 7.279131394920868 1.6016895980829093 1.6486677175852944 2.995536002951364e-08 5.3204345703125e-09 5.679728190104167e-09 5.630246859281307 5.274083376332179
letters 8192 1.7046291031874716e-05 2.986243925988674e-06 1.8840361735783517e-06 1.872797292890027e-06 9.047751455588392 9.102048094895284 1.5850247292847346 1.5945366523786566 2.9887561686336996e-06 1.8694610595703125e-06 1.8614263916015626e-06 1.5987260891760176 1.6056268365584887
year_prediction_msd 8192 3.81031131837517e-07 8.700051694177091e-08 5.5243387275064984e-08 5.509544280357659e-08 6.897316595383747 6.915837543877257 1.5748584805016117 1.5790873530491558 2.8771901270374657e-08 4.771931966145833e-09 5.033976236979167e-09 6.029403075000875 5.71554173399125
Geomean speedup (Total): 8192 1.593063520266351
Geomean speedup (Kernel): 8192 2.724780778026929
Geomean speedup (AutoTune Total): 8192 1.6479868020284123
Geomean speedup (AutoTune Kernel): 8192 2.8045421421360532
Geomean speedup (XGB Total): 8192 11.154288776818083
Geomean speedup (XGB AutoTune Total): 8192 11.53884980501999
