abalone 4096 9.238068014383316e-08 7.490545976907015e-08 1.2332970177159082 6.833125371485949e-08 4.157177734375e-08 1.6436933439203212
airline 4096 5.845539271831512e-08 5.228968802839518e-08 1.1179143521868355 3.839866258203983e-08 1.112939453125e-08 3.450202297548264
airline-ohe 4096 5.757738836109638e-07 3.7379655987024306e-07 1.5403402423254875 9.160861372947693e-08 5.641455078125e-08 1.6238472603405727
covtype 4096 1.4576443936675787e-07 1.0296422988176346e-07 1.4156803730202518 8.754199370741844e-08 6.420263671875e-08 1.3635264559446405
epsilon 4096 1.121743000112474e-06 8.297031745314598e-07 1.3519810873881875 5.97990583628416e-08 3.892724609375e-08 1.5361748996788833
higgs 4096 6.213702727109194e-08 3.9141159504652026e-08 1.5875111534114568 4.017038736492395e-08 1.13173828125e-08 3.5494414239090624
letters 4096 2.771866274997592e-06 2.514597726985812e-06 1.102310021698843 2.730283886194229e-06 2.48330078125e-06 1.099457587582245
year_prediction_msd 4096 1.161342952400446e-07 8.606957271695137e-08 1.34930721245665 3.894313704222441e-08 1.149462890625e-08 3.3879420866775236
Geomean speedup (Total): 4096 1.3266916954751566
Geomean speedup (Kernel): 4096 1.999049991299913
abalone 8192 6.773928180336952e-08 4.72052488476038e-08 1.4349946977730645 5.8645149692893026e-08 3.54951171875e-08 1.6522032983608677
airline 8192 3.8741214666515586e-08 2.266658702865243e-08 1.70917724038222 2.829579170793295e-08 7.226806640625e-09 3.9153934946688747
airline-ohe 8192 3.918619477190077e-07 3.3547665225341914e-07 1.1680751703191408 8.357956539839506e-08 5.378759765625e-08 1.5538817318546536
covtype 8192 1.1601363075897097e-07 9.778927778825164e-08 1.186363509199664 7.684004958719016e-08 5.9110595703125e-08 1.299936985462115
epsilon 8192 1.1818529455922545e-06 8.047160808928311e-07 1.468658292849064 4.817149601876736e-08 3.36943359375e-08 1.4296615344525918
higgs 8192 5.850009620189667e-08 4.047923721373081e-08 1.4451877117401082 2.933928044512868e-08 8.23583984375e-09 3.5623908431625977
letters 8192 2.8880639001727103e-06 2.5236594956368208e-06 1.1443952344466088 2.969235647469759e-06 2.5105859375e-06 1.1826863215949002
year_prediction_msd 8192 8.72272066771984e-08 6.084260530769825e-08 1.4336533788463819 2.8716109227389097e-08 7.406494140625e-09 3.87715276379951
Geomean speedup (Total): 8192 1.3441862698769869
Geomean speedup (Kernel): 8192 2.0216005885057213
abalone 16384 5.968401092104613e-08 4.7095527406781913e-08 1.267296794566769 5.436941864900291e-08 3.89002685546875e-08 1.3976617815007697
airline 16384 3.115666913799942e-08 2.2598629584535955e-08 1.3786972799146924 2.289609983563423e-08 4.7420654296875e-09 4.828296904613371
airline-ohe 16384 4.593406338244677e-07 3.2642047153785824e-07 1.4072053497759665 7.982703391462564e-08 5.24508056640625e-08 1.5219410436877312
covtype 16384 1.2570101534947753e-07 8.704711217433215e-08 1.4440572720865448 7.288108463399113e-08 5.4403564453125e-08 1.3396380433268607
epsilon 16384 1.1315791925881058e-06 7.890112756285817e-07 1.4341736646115868 4.206510493531823e-08 2.84993896484375e-08 1.4760002040122455
higgs 16384 5.593153764493763e-08 2.792474697344005e-08 2.0029380283422284 2.3966276785358787e-08 5.6484375e-09 4.2429922939501035
letters 16384 3.072991967201233e-06 2.4177701561711728e-06 1.2710025224513821 3.031826636288315e-06 2.384388427734375e-06 1.2715321887252784
year_prediction_msd 16384 1.1185658513568341e-07 4.8588874051347374e-08 2.3021028439036573 2.339787897653878e-08 5.9342041015625e-09 3.9428840963488305
Geomean speedup (Total): 16384 1.4031072462184777
Geomean speedup (Kernel): 16384 2.0587737779616475

----------------------
600, 200 reps - 4060
-------------------------
abalone 4096 9.314108562345306e-08 7.516626889506975e-08 1.2391340822500543 6.932192870105306e-08 4.1470947265625e-08 1.671578135339907
airline 4096 5.983058751250307e-08 5.281307191277544e-08 1.1328745961097957 3.978707051525513e-08 1.1105550130208334e-08 3.582629410408933
airline-ohe 4096 5.990093147071699e-07 3.690404507021109e-07 1.6231535420237433 9.223003871738911e-08 5.613566080729167e-08 1.642984822678154
covtype 4096 1.4494949330886204e-07 1.0307558113709092e-07 1.4062447352693423 8.763017831370234e-08 6.447021484375e-08 1.3592350905931185
epsilon 4096 1.1265130403141182e-06 8.301915174039702e-07 1.3569315232667671 6.096098028744261e-08 3.772013346354167e-08 1.6161390400795994
higgs 4096 6.279520069559415e-08 6.032942716653148e-08 1.0408718206830678 4.109024303033948e-08 1.1364339192708334e-08 3.615717758292896
letters 4096 2.8725690208375454e-06 2.4661709903739394e-06 1.164789072635221 2.863103582058102e-06 2.379072265625e-06 1.2034538098849819
year_prediction_msd 4096 1.1580782787253459e-07 6.503590460245808e-08 1.7806752836056892 3.96225368604064e-08 1.2112630208333334e-08 3.271175308658115
Geomean speedup (Total): 4096 1.3230110816379974
Geomean speedup (Kernel): 4096 2.046481855298786
abalone 8192 6.966515987490614e-08 4.583319726710518e-08 1.5199716369101166 5.861981965911885e-08 3.5409342447916667e-08 1.6554902070080035
airline 8192 3.910652594640851e-08 2.7672552581255636e-08 1.4131882424499511 2.8535626673450073e-08 7.177327473958333e-09 3.9758011289002155
airline-ohe 8192 3.9400314562954007e-07 3.4159083346215386e-07 1.1534359445075484 8.313863266569872e-08 5.3477783203125e-08 1.554638724457084
covtype 8192 1.163628864257286e-07 9.745718368018667e-08 1.193989832576965 7.671061515187224e-08 5.8938191731770834e-08 1.301543411799672
epsilon 8192 1.1813416980051746e-06 8.12791840871796e-07 1.4534369547042625 4.8163346946239475e-08 3.3267008463541664e-08 1.4477811252257071
higgs 8192 5.8565249977012474e-08 3.070696645105878e-08 1.9072300766132217 2.959714038297534e-08 8.690592447916666e-09 3.405652786084849
letters 8192 2.8391416708473114e-06 2.5078566977754236e-06 1.1320988449482587 2.889989409595728e-06 2.48490478515625e-06 1.1630181674804116
year_prediction_msd 8192 1.3567803155941268e-07 6.027364482482274e-08 2.2510341286600912 2.8977616845319667e-08 7.3732503255208335e-09 3.9301007786240785
Geomean speedup (Total): 8192 1.3908737108198823
Geomean speedup (Kernel): 8192 2.0433240833466098
abalone 16384 6.028931238688529e-08 4.706897016149014e-08 1.2808717118738127 5.477197798124204e-08 3.9022318522135414e-08 1.4036064502464822
airline 16384 3.1562716079254945e-08 2.2093421042275924e-08 1.42860247939237 2.302602903606991e-08 4.7404988606770835e-09 4.857300826938942
airline-ohe 16384 4.6221995338176686e-07 3.313172055641189e-07 1.3950979472821694 7.889585200852404e-08 5.2501627604166664e-08 1.502731545836165
covtype 16384 1.345696849360441e-07 8.378243364859372e-08 1.606180186892946 7.269443206799527e-08 5.4190775553385414e-08 1.3414539896440714
epsilon 16384 1.1399127348947028e-06 7.902380457380787e-07 1.4424928552130512 4.189406657436242e-08 2.8806355794270832e-08 1.4543341363121864
higgs 16384 4.711665193705509e-08 2.8678744759721062e-08 1.6429119311815152 2.427953101384143e-08 5.648193359375e-09 4.298636655832915
letters 16384 3.119892280665226e-06 2.423850164632313e-06 1.28716383800832 3.0863301799399778e-06 2.372222900390625e-06 1.3010287437288306
year_prediction_msd 16384 7.336260750889778e-08 4.867525907078137e-08 1.5071847363404305 2.339892186379681e-08 5.949605305989584e-09 3.9328527961746738
Geomean speedup (Total): 16384 1.4082004439786966
Geomean speedup (Kernel): 16384 2.0750096942484686

abalone 256 6.483107184370359e-07 2.7034762165238783e-07 2.3980633322183684 3.8702476529344435e-07 1.4840305779569892e-07 2.6079298569861495
airline 256 6.402680970808511e-07 2.344250578873901e-07 2.731227211164492 3.652957578500112e-07 1.0344044018817205e-07 3.5314598157692405
airline-ohe 256 7.969414895420434e-07 6.804736931958506e-07 1.1711569418638372 4.171226073497085e-07 1.7301642305107526e-07 2.4108844697741323
covtype 256 6.829475062668964e-07 6.782310083508492e-07 1.006954117193072 4.0673560673190703e-07 2.2766381048387098e-07 1.7865624135317832
epsilon 256 1.935307337071306e-06 1.520530911543036e-06 1.27278394827722 3.8601798556184257e-07 1.2581569220430108e-07 3.068122734126215
higgs 256 6.524685229505262e-07 2.4432166209143975e-07 2.6705307968408203 3.6324594690594624e-07 1.0546875e-07 3.444109718811935
letters 256 2.4677804040331994e-06 4.940857479889546e-06 0.4994639926526209 2.2632756360596228e-06 4.804866431451613e-06 0.4710382001973482
year_prediction_msd 256 6.589484250833911e-07 3.0579826524180753e-07 2.1548468385271344 3.7062803022964025e-07 1.1909673219086022e-07 3.11199160053934
Geomean speedup (Total): 256 1.5184116115888127
Geomean speedup (Kernel): 256 2.2313162456666564
abalone 512 3.671962767839432e-07 1.4214150400625336e-07 2.583314981441232 2.2671971884038714e-07 7.913823784722222e-08 2.864856800047451
airline 512 3.3873428280154864e-07 1.2756045907735826e-07 2.65548027383725 1.9499074874652755e-07 5.4952256944444446e-08 3.54836652011689
airline-ohe 512 8.034188196890884e-07 6.787790399458673e-07 1.183623495140865 2.466477971110079e-07 9.900564236111111e-08 2.4912499048426944
covtype 512 6.195700003041162e-07 3.7462284995449915e-07 1.6538499997513971 2.4775638141565854e-07 1.4007942708333333e-07 1.7686849994629699
epsilon 512 1.4956831518146726e-06 1.1266650011142094e-06 1.3275313871785532 2.2106778083576095e-07 6.819422743055555e-08 3.2417374485381716
higgs 512 3.309976826939318e-07 1.2889623435007201e-07 2.56793912066483 1.9280353768004313e-07 5.483940972222222e-08 3.51578433569307
letters 512 2.1604270053406556e-06 3.899516848226388e-06 0.5540242777315553 2.0377902934948604e-06 3.6881783854166665e-06 0.5525194501308385
year_prediction_msd 512 3.343413894375165e-07 1.7118495371606614e-07 1.9531003290865612 1.899791984922356e-07 5.4998046875e-08 3.4542899118585404
Geomean speedup (Total): 512 1.5726309594760233
Geomean speedup (Kernel): 512 2.296543434659175
abalone 1024 2.0847567135379427e-07 9.196732814113299e-08 2.2668449281669645 1.3607570768467018e-07 5.69291759672619e-08 2.390263083430592
airline 1024 1.7682362037400406e-07 7.036674235548292e-08 2.5128862649448216 1.0558769905141422e-07 3.168689546130952e-08 3.332219755650704
airline-ohe 1024 5.770628229670581e-07 4.987403683896576e-07 1.1570405356002955 1.5436000900254363e-07 7.9990234375e-08 1.9297356759688036
covtype 1024 2.357808296524343e-07 2.231331919098184e-07 1.0566820096748653 1.5669064374551887e-07 8.904947916666667e-08 1.7595907939254054
epsilon 1024 1.2674051270421062e-06 9.572357382802736e-07 1.3240261268546751 1.3271779088037356e-07 4.9355003720238096e-08 2.6890442888560138
higgs 1024 1.7518770792299792e-07 7.84583833246004e-08 2.2328743022680704 1.0591765333499227e-07 2.955589657738095e-08 3.5836386508420377
letters 1024 2.0688780516918217e-06 2.9370915477297135e-06 0.7043968558933766 2.01946307372834e-06 2.892535574776786e-06 0.6981636081983814
year_prediction_msd 1024 1.8553298321508225e-07 1.2299949525012856e-07 1.5084044274961228 1.058144871855066e-07 3.137044270833333e-08 3.373063242024243
Geomean speedup (Total): 1024 1.5378613992336982
Geomean speedup (Kernel): 1024 2.274483575918156