abalone 4096 9.138767685120305e-08 6.531811474512021e-08 5.157324873531858e-08 1.399116879104819 1.7719976750004234 6.81570963934064e-08 3.7967936197916665e-08 1.7951224959429382
airline 4096 5.7636740772674484e-08 4.4035841710865496e-08 4.4943202131738266e-08 1.3088597499988985 1.2824351189692427 3.851086754972736e-08 7.6220703125e-09 5.052546876479284
airline-ohe 4096 4.089929279871285e-07 3.601123656456669e-07 3.587227547541261e-07 1.135736972691345 1.1401365610817142 9.21641670477887e-08 5.3944905598958335e-08 1.708486946533249
covtype 4096 1.4292396372184157e-07 9.499461157247423e-08 7.40912704107662e-08 1.5045481144243702 1.9290256858799022 8.697281979645292e-08 5.919148763020833e-08 1.4693467469478905
epsilon 4096 1.1308323397922019e-06 8.195021655410528e-07 8.238920903143784e-07 1.3799015882350991 1.3725490911809848 5.994312232360244e-08 3.3935139973958333e-08 1.7664026837550253
higgs 4096 6.015315496673187e-08 3.2000922753165164e-08 3.405953369413813e-08 1.8797318886931849 1.7661179834967802 3.9631656060616176e-08 7.790934244791667e-09 5.086893922524172
letters 4096 2.7271630824543536e-06 2.4683383526280524e-06 1.824867504183203e-06 1.1048578812344463 1.4944444329261106 2.5744308368302883e-06 2.424383544921875e-06 1.0618909051015062
year_prediction_msd 4096 1.2031542913367352e-07 7.77899792107443e-08 7.607062192012867e-08 1.5466700255533123 1.5816280463698622 4.008916827539603e-08 8.098551432291667e-09 4.95016529938267
Geomean speedup (Total): 4096 1.3891843528643466
Geomean speedup (Kernel): 4096 2.393028110290342
Geomean speedup (AutoTune Total): 4096 1.5209524795087042
abalone 8192 6.861470562095444e-08 4.429554489130775e-08 4.526960159031053e-08 1.5490204667155796 1.5156905121877784 5.9007046123345694e-08 3.3708292643229164e-08 1.750520168668293
airline 8192 3.980395073692004e-08 1.966637986091276e-08 1.9678021393095453e-08 2.023959214579752 2.022761838793726 2.8722182226677735e-08 5.437825520833333e-09 5.281924202355822
airline-ohe 8192 4.096350554997722e-07 3.318396920803934e-07 3.44775035046041e-07 1.234436582711545 1.1881227289124048 8.40548697548608e-08 5.262125651041667e-08 1.5973558088302524
covtype 8192 1.1602969607338309e-07 9.374615425864855e-08 7.659754677054782e-08 1.2377008634749278 1.5147965041355234 7.720945480590065e-08 5.6924845377604167e-08 1.356340176134708
epsilon 8192 1.1872225635064146e-06 7.940493136023482e-07 7.938175015927603e-07 1.495149662834371 1.4955862791186942 4.8140791477635503e-08 3.134318033854167e-08 1.5359255492793236
higgs 8192 5.841381304586927e-08 3.593886503949761e-08 3.665564387726287e-08 1.6253661038452714 1.593583057535726 2.949367626570165e-08 6.367594401041667e-09 4.631839656884681
letters 8192 2.9989003087393937e-06 2.491083723725751e-06 1.9162789976689965e-06 1.2038536802986832 1.5649601714506716 2.9979849932715296e-06 2.4703863525390625e-06 1.2135692824687934
year_prediction_msd 8192 8.768828896184762e-08 5.7526728293548025e-08 5.780433032972117e-08 1.5243051632345725 1.5169847736608248 2.8914364520460367e-08 5.727132161458333e-09 5.048663747458856
Geomean speedup (Total): 8192 1.4271890224724875
Geomean speedup (Kernel): 8192 2.3620674366505425
Geomean speedup (AutoTune Total): 8192 1.5291863779616959
