abalone 2048 1.2719615673025448e-07 1.0046868636790248e-07 5.457007015744845e-08 1.2660278672747813 2.330877647092287 8.856897087146838e-08 5.171875e-08 1.7125118234966696
airline 2048 9.512936230748892e-08 3.7327279440230796e-08 3.1206420519285734e-08 2.5485211816685434 3.0483907069283536 6.097149000399642e-08 1.4287651909722223e-08 4.2674254936535485
airline-ohe 2048 4.5556950175927746e-07 3.7142185546043846e-07 3.766600275412202e-07 1.2265554518716304 1.2094978719487872 1.1142783073915376e-07 5.62646484375e-08 1.9804234778598186
covtype 2048 1.485005486756563e-07 1.2207032543503575e-07 9.466654672804806e-08 1.216516365844264 1.5686697551380964 1.0862047525329723e-07 8.342827690972222e-08 1.3019623475004225
epsilon 2048 1.1902694435169299e-06 8.377016315029727e-07 8.40108388931387e-07 1.4208751645635371 1.4168046161649994 8.382000184307496e-08 2.5665690104166666e-08 3.26583861578954
higgs 2048 9.890969118310345e-08 4.142393461532063e-08 3.869781115402778e-08 2.387742547916289 2.555950536566941 6.235042949103647e-08 1.1629231770833333e-08 5.36152608527541
letters 2048 2.1819407508398095e-06 1.8099396644781034e-06 1.7940689576789736e-06 1.2055323134039237 1.2161967027525151 2.1897654126708705e-06 1.7882975260416666e-06 1.224497255508617
year_prediction_msd 2048 1.1145732262068325e-07 1.0595437035792403e-07 1.0386245169987281e-07 1.0519370012220328 1.0731243177539949 6.190417075736655e-08 9.973687065972222e-09 6.206748853046374
Geomean speedup (Total): 2048 1.4605992829299854
Geomean speedup (Kernel): 2048 2.6601592942686083
Geomean speedup (AutoTune Total): 2048 1.6808554842977206
