abalone 4096 9.187303173045317e-08 6.641329188520709e-08 5.3208884006987016e-08 1.3833530777130019 1.7266483491438958 6.888449812928836e-08 3.802937825520833e-08 1.811349574716075
airline 4096 6.003053082774082e-08 4.45009209215641e-08 4.154979251325131e-08 1.3489727759465633 1.4447853333706908 3.92946337039272e-08 7.639973958333334e-09 5.143294194225154
airline-ohe 4096 4.0548155084252357e-07 3.6769575672224165e-07 3.556720912456512e-07 1.1027637480973853 1.1400432050274942 9.129047005747755e-08 5.369547526041667e-08 1.700152007496528
covtype 4096 1.3977027265354992e-07 9.485442812244097e-08 7.475813617929816e-08 1.473523961086247 1.8696329228744837 8.678917462627093e-08 5.9130045572916666e-08 1.467767761471555
epsilon 4096 1.1410238221287727e-06 8.195637686488529e-07 8.222355972975492e-07 1.3922331193457764 1.3877091017209522 6.095981613422434e-08 3.396321614583333e-08 1.7948776073641364
higgs 4096 6.047805072739721e-08 3.369835515817006e-08 3.381632268428803e-08 1.7946885076001846 1.7884277747177086 3.971101250499487e-08 7.802327473958334e-09 5.0896367318005415
letters 4096 2.736309834290296e-06 2.4695918546058237e-06 1.8287610146217048e-06 1.1080008338977307 1.4962643081366898 2.5700204423628746e-06 2.420836181640625e-06 1.0616250954334077
year_prediction_msd 4096 1.1646693261961143e-07 7.684468679750959e-08 7.640580103422205e-08 1.5156146439442049 1.5243205495279875 3.921217285096645e-08 7.981770833333334e-09 4.912715946091718
Geomean speedup (Total): 4096 1.3742815908291874
Geomean speedup (Kernel): 4096 2.4018749848299468
Geomean speedup (AutoTune Total): 4096 1.5304439111659405
abalone 8192 6.901973392814398e-08 4.4133873113120594e-08 4.603386817810436e-08 1.563872124960296 1.4993250982321895 5.872144053379695e-08 3.356770833333333e-08 1.749343147011484
airline 8192 4.004468792118132e-08 1.9783328752964735e-08 1.975039291816453e-08 2.0241632953291653 2.0275387981953528 2.873736472489933e-08 5.4402669270833335e-09 5.282344618392864
airline-ohe 8192 4.0636412450112404e-07 3.313009316722552e-07 3.322890552226454e-07 1.2265710284905758 1.2229235905132227 8.334691907900075e-08 5.244222005208333e-08 1.5893095104712236
covtype 8192 1.1747683553646008e-07 9.411960490979255e-08 6.563549201625089e-08 1.2481654130300899 1.7898370519927487 7.754895098817845e-08 5.6920979817708336e-08 1.3623966283878457
epsilon 8192 1.1846187408082188e-06 8.030394868304332e-07 8.04083295709764e-07 1.4751687310967294 1.4732537625502546 4.80944678808252e-08 3.12347412109375e-08 1.5397748153579678
higgs 8192 5.6410111331691345e-08 3.5800621844828126e-08 3.78172747635593e-08 1.5756740644392055 1.4916492974276425 2.9368044730896752e-08 6.3332112630208335e-09 4.6371490719683806
letters 8192 3.001731674885377e-06 2.490101323928684e-06 1.8743326654657722e-06 1.2054656756494886 1.601493550313517 3.0031891947146505e-06 2.47380615234375e-06 1.213995361709869
year_prediction_msd 8192 8.914663339965045e-08 5.7535216910764574e-08 5.6477389686430496e-08 1.5494272584026971 1.578448187754492 2.925633452832699e-08 5.6805419921875e-09 5.150271676287841
Geomean speedup (Total): 8192 1.4181697719923572
Geomean speedup (Kernel): 8192 2.369794982373145
Geomean speedup (AutoTune Total): 8192 1.550225262068143
