abalone 4096 8.961447747424245e-08 6.58492596509556e-08 5.2327231969684364e-08 1.3609033411956055 1.7125782140771435 6.787081171448033e-08 3.8036702473958334e-08 1.7843505693204553
airline 4096 5.770542581255237e-08 4.456068078676859e-08 4.516342111552755e-08 1.2949852828479866 1.277702715765099 3.825611202046275e-08 7.716471354166666e-09 4.957720992485196
airline-ohe 4096 4.098980571143329e-07 3.691291203722358e-07 3.5659710799033445e-07 1.1104462760916425 1.1494710639252945 9.141057186449567e-08 5.391276041666667e-08 1.6955275737696576
covtype 4096 1.440766694334646e-07 9.492582951982816e-08 7.447214253867666e-08 1.5177815159715806 1.9346384368979213 8.682846479738752e-08 5.910400390625e-08 1.4690792342108276
epsilon 4096 1.128007327982535e-06 8.252212622513373e-07 8.307580719701946e-07 1.3669150076249226 1.3578048363796156 5.940761184319854e-08 3.4043375651041666e-08 1.7450564377678208
higgs 4096 5.99399209022522e-08 3.2386548506716886e-08 3.240915248170495e-08 1.8507659403662855 1.8494751115780779 3.953600147118171e-08 7.869466145833334e-09 5.0239750369998015
letters 4096 2.716196177061647e-06 2.475998771842569e-06 1.8250840366818012e-06 1.0970103087088083 1.488258141800409 2.5739826378412543e-06 2.424609375e-06 1.061607145621655
year_prediction_msd 4096 1.169696527843674e-07 7.802057856072983e-08 7.656451392297943e-08 1.499215398580008 1.5277267077282535 3.94327798858285e-08 8.107503255208333e-09 4.863739013671876
Geomean speedup (Total): 4096 1.3692912556600605
Geomean speedup (Kernel): 4096 2.3706253469021146
Geomean speedup (AutoTune Total): 4096 1.5152122876443912
abalone 8192 6.833113729953766e-08 4.3165346141904595e-08 4.6403729356825354e-08 1.5830091359606244 1.4725354674427065 5.871377652511001e-08 3.37188720703125e-08 1.7412734448138336
airline 8192 3.948870774668952e-08 1.9751314539462327e-08 2.006859479782482e-08 1.9992951693312706 1.967686733650609 2.853528712876141e-08 5.476277669270833e-09 5.21070859662251
airline-ohe 8192 4.152703331783414e-07 3.380672327087571e-07 3.313675794440011e-07 1.2283661147843166 1.2532014564464031 8.362917772804697e-08 5.2238972981770835e-08 1.600896284029741
covtype 8192 1.1655637839188179e-07 9.418843546882272e-08 7.538862215975921e-08 1.237480777886613 1.5460738643675203 7.697303468982379e-08 5.6767171223958337e-08 1.3559427575869354
epsilon 8192 1.172850364431118e-06 8.020610160504778e-07 8.027380681596696e-07 1.4622956869372448 1.4610623451806084 4.7793631286670766e-08 3.1369425455729164e-08 1.5235736897419638
higgs 8192 5.842036140772204e-08 3.6723261776690684e-08 3.6710747129594286e-08 1.5908271373868845 1.5913694483386474 2.925347265166541e-08 6.688232421875e-09 4.373872019756215
letters 8192 3.0120763403829187e-06 2.4924663011915983e-06 1.8745269335340708e-06 1.2084722425105228 1.6068461255471058 3.008730272995308e-06 2.4725054931640626e-06 1.2168750610721755
year_prediction_msd 8192 8.744866742442051e-08 5.741322335476677e-08 5.7617095687116184e-08 1.523145058135114 1.5177555616357628 2.8760841814801098e-08 5.7663981119791664e-09 4.987661492718145
Geomean speedup (Total): 8192 1.4137230533478378
Geomean speedup (Kernel): 8192 2.337539791863138
Geomean speedup (AutoTune Total): 8192 1.5281545819629812
