abalone 16384 5.996286442192892e-08 4.833932810773452e-08 4.618562040074418e-08 1.2404571343707729 1.298301590443998 5.472943788239112e-08 3.8222859700520833e-08 1.4318509476057166
airline 16384 3.0585482212093967e-08 1.9267657383655508e-08 1.9812626608957847e-08 1.5874001495396746 1.543736871226625 2.279817029678573e-08 3.831888834635416e-09 5.9495907320481685
airline-ohe 16384 6.903778072834636e-07 3.227657725801691e-07 3.230972409558793e-07 2.138943673502389 2.1367493118820486 7.98037702528139e-08 5.1774088541666663e-08 1.5413843584825169
covtype 16384 1.0144804643156628e-07 8.466449799016119e-08 5.6258916932468615e-08 1.198235964776588 1.8032349707930075 7.264037170292189e-08 5.295705159505208e-08 1.3716845918534648
epsilon 16384 1.131634732397894e-06 7.835504463097701e-07 7.813221842904265e-07 1.4442397904659117 1.4483586350816482 4.2011840074944e-08 2.837860107421875e-08 1.4804056043872686
higgs 16384 4.624846042133868e-08 2.5414556148461996e-08 2.5928966351784766e-08 1.8197626647962326 1.783660011505058 2.396368169380973e-08 4.75372314453125e-09 5.041034356697421
letters 16384 3.0596648139180616e-06 2.4036889226408675e-06 1.6658377717249095e-06 1.2729038209139356 1.836712353298304 3.037137066712603e-06 2.366446533203125e-06 1.2834167280346955
year_prediction_msd 16384 7.351273476767044e-08 4.6678736301449436e-08 4.5835428560773534e-08 1.5748655724724017 1.6038408950447438 2.350745489820838e-08 5.0953165690104165e-09 4.613541588599247
Geomean speedup (Total): 16384 1.5069119490034153
Geomean speedup (Kernel): 16384 2.304658481441019
Geomean speedup (AutoTune Total): 16384 1.6639611123116158
