abalone 256 6.687372762669799e-07 1.7719178069983759e-07 1.8097670568573859e-07 3.774087452734724 3.6951566431329845 3.9906561454778077e-07 8.346627184139785e-08 4.781160170974008
airline 256 6.392345793785587e-07 1.5032032044023596e-07 1.4291270085239922e-07 4.252482814741632 4.472902517172093 3.6673590300544613e-07 4.637705813172043e-08 7.907700871492115
airline-ohe 256 7.872363071768514e-07 5.774625567018344e-07 5.509133540814922e-07 1.363268142740086 1.4289657372516729 4.026369862659003e-07 1.1450415826612904e-07 3.516352526954495
covtype 256 6.801966998365618e-07 2.574721872005411e-07 2.4027566635800947e-07 2.641825927810863 2.830901314921638 4.0698476055616974e-07 1.3681577620967743e-07 2.9746917485045294
epsilon 256 1.9286302549223747e-06 1.3668546753544962e-06 1.3503889423064005e-06 1.4109987621194484 1.4282035304794227 3.8638851174744226e-07 6.888566868279569e-08 5.609127691373393
higgs 256 6.227909276882808e-07 1.6381939051933187e-07 1.5381613485915686e-07 3.8016923742295754 4.048931071233489 3.548312972309769e-07 4.716733870967742e-08 7.522817842554586
letters 256 2.5136004232110517e-06 2.683172933757305e-06 2.663015658336301e-06 0.9368014978040207 0.9438924684285953 2.2115792718625836e-06 2.583192414314516e-06 0.8561419039508349
year_prediction_msd 256 6.668811904326561e-07 2.3273505791220614e-07 1.8438159097586908e-07 2.8654092615656617 3.616853433702794 3.665404754780954e-07 6.344548051075269e-08 5.7772511537047055
Geomean speedup (Total): 256 2.317579984596921
Geomean speedup (Kernel): 256 4.1170164017809725
Geomean speedup (AutoTune Total): 256 2.455099476231274
abalone 512 3.7062644130653803e-07 1.0257457486457295e-07 1.0623141295380062e-07 3.613238873238015 3.4888591895856753 2.2931226218740147e-07 5.054926215277778e-08 4.536411659073056
airline 512 3.4063299083047445e-07 8.5088476124737e-08 7.93820040093528e-08 4.003279954516018 4.29106061356603 1.980295508272118e-07 2.6867621527777777e-08 7.370564998560587
airline-ohe 512 9.143403731286525e-07 4.4834303359190625e-07 4.5419210154149267e-07 2.0393767821112383 2.0131137684373033 2.4187213016880883e-07 7.17380642361111e-08 3.3716010146682573
covtype 512 3.887898702588346e-07 1.586157725089126e-07 1.48496280113856e-07 2.4511425573203227 2.6181791891402213 2.463986683222983e-07 8.272200520833333e-08 2.978635100802372
epsilon 512 1.5150445720387829e-06 1.0660580462879604e-06 1.0723061859607698e-06 1.4211651769940712 1.4128842972973492 2.2797560733225612e-07 4.2450520833333334e-08 5.3703842227830405
higgs 512 3.405971866514948e-07 9.806925016972753e-08 8.927663374278281e-08 3.473027335908314 3.815076491714484 1.9763622225986587e-07 2.9102213541666667e-08 6.791106180871881
letters 512 2.1925776576002437e-06 2.4428954347968104e-06 2.4337515545388063e-06 0.8975323406679554 0.9009044713340656 2.0615910179913045e-06 2.388333984375e-06 0.8631920960295676
year_prediction_msd 512 3.4744546024335754e-07 1.3688185976611243e-07 1.1413906597428852e-07 2.538287110045344 3.0440538239696537 1.9599481796224912e-07 2.9122612847222224e-08 6.72998741529277
Geomean speedup (Total): 512 2.314195307678083
Geomean speedup (Kernel): 512 4.078962311412978
Geomean speedup (AutoTune Total): 512 2.436200849140595
abalone 1024 2.1358780075042022e-07 7.43030770016568e-08 7.846747480687641e-08 2.874548529742014 2.721991516562767 1.407459577811616e-07 4.409784226190476e-08 3.1916744802443358
airline 1024 1.8213127207543168e-07 5.043499792615573e-08 5.093175873515152e-08 3.6112080809857217 3.5759863118516333 1.0946693475402536e-07 1.7087983630952382e-08 6.406076756519243
airline-ohe 1024 5.884063873617422e-07 4.6850132223750864e-07 4.680099387076639e-07 1.2559332480676484 1.2572519057747666 1.5780806452745483e-07 6.609328497023809e-08 2.3876565463271504
covtype 1024 2.3048581732880502e-07 9.684429858766851e-08 1.0154043723429952e-07 2.3799626894933548 2.269891913080603 1.5565249625416028e-07 4.915852864583333e-08 3.166337572378773
epsilon 1024 1.2686026526526326e-06 9.258784952440432e-07 9.137644277264674e-07 1.3701610515516447 1.3883257152054347 1.315100650702204e-07 3.620512462797619e-08 3.6323605130915855
higgs 1024 1.7736334398034074e-07 6.02812949745428e-08 5.3616794979288463e-08 2.9422616759517606 3.307981091537719 1.063360832631588e-07 1.5543387276785714e-08 6.841242604948366
letters 1024 2.116223331540823e-06 1.8799742351153066e-06 1.8598812831831829e-06 1.1256661352122341 1.1378271025551219 2.007300832441875e-06 1.846416015625e-06 1.0871335687382546
year_prediction_msd 1024 1.8463154057306902e-07 9.429186493867919e-08 8.811686365377335e-08 1.958085574965989 2.095303134012109 1.0647838713512534e-07 1.6991024925595237e-08 6.266743036479604
Geomean speedup (Total): 1024 2.21115344928411
Geomean speedup (Kernel): 1024 3.9003865527118626
Geomean speedup (AutoTune Total): 1024 2.2975803639736294
abalone 2048 1.2655289740198188e-07 6.044484002308713e-08 5.631371297770076e-08 2.0936923210259892 2.2472838445601093 9.064478541000021e-08 4.222900390625e-08 2.1465054115705664
airline 2048 9.85189884280165e-08 3.851736740519603e-08 3.226942175792323e-08 2.557780945712458 3.0530137529913057 6.372367756234275e-08 1.4374186197916666e-08 4.433202456468707
airline-ohe 2048 4.594465847023659e-07 3.7797849573608904e-07 3.8518104702234266e-07 1.2155363066558138 1.192806832667744 1.1363532394170761e-07 5.6689453125e-08 2.0045231992473487
covtype 2048 1.5292834076616499e-07 1.3135224839465486e-07 1.0142309798134698e-07 1.1642613098382877 1.5078255723788923 1.1108136580636103e-07 8.486219618055556e-08 1.3089617144720214
epsilon 2048 1.1939015368827515e-06 8.487431073768272e-07 8.502788194972608e-07 1.406670082509053 1.4041294567218108 8.497665274060434e-08 2.7777235243055555e-08 3.059219249037714
higgs 2048 1.0064169247117308e-07 4.187278035614226e-08 3.8945646439161566e-08 2.4035111023242597 2.5841577088311833 6.310693505737517e-08 1.1596137152777778e-08 5.442065252070455
letters 2048 2.3670962157969675e-06 1.8115145697568853e-06 1.7891766037791967e-06 1.306694550138034 1.3230087017665317 2.3048712561527887e-06 1.787763671875e-06 1.289248289588214
year_prediction_msd 2048 1.1283470990343226e-07 1.0566999359677236e-07 1.0364876490914159e-07 1.0678027514035806 1.088625706271976 6.099567852086491e-08 1.0000542534722223e-08 6.099236947304194
Geomean speedup (Total): 2048 2.027704793792262
Geomean speedup (Kernel): 2048 3.5740031043023217
Geomean speedup (AutoTune Total): 2048 2.125686127690508
