abalone 16384 6.001828296575696e-08 4.948507315323998e-08 4.553376735808949e-08 1.2128563047668715 1.3181049240612452 5.483831046149135e-08 3.8179423014322917e-08 1.4363315663759217
airline 16384 3.1062493993279835e-08 1.977724120176087e-08 1.992101412421713e-08 1.5706181502460608 1.5592827654049237 2.3130439027833443e-08 3.8379923502604165e-09 6.02670274375716
airline-ohe 16384 4.5906560747728993e-07 3.274417152473082e-07 3.294231282779947e-07 1.4019765536916078 1.393543950228935 7.973447888313482e-08 5.1971232096354164e-08 1.5342041292249502
covtype 16384 1.019931126696368e-07 8.489924463598678e-08 5.4783619513424737e-08 1.2013429931790505 1.8617446889328546 7.300167150485018e-08 5.295084635416667e-08 1.3786686433031061
epsilon 16384 1.2005270158018296e-06 7.827829783006261e-07 7.818661833880469e-07 1.5336652036150558 1.5354635375066448 4.2063475120812653e-08 2.8220316569010415e-08 1.490538740695908
higgs 16384 6.252856110222638e-08 2.471470603874574e-08 2.5445284942785898e-08 2.53001435680437 2.4573731928262066 2.3867469280958177e-08 4.736226399739583e-09 5.039342984590117
letters 16384 3.05857443891e-06 2.4037971161305903e-06 1.6604371194262057e-06 1.2723929230073334 1.842029669854012 3.027905258932151e-06 2.368101806640625e-06 1.278621235979512
year_prediction_msd 16384 7.455186278093606e-08 4.600047153265526e-08 4.577414074447006e-08 1.620676056070696 1.628689508277501 2.3581887944601477e-08 5.091044108072917e-09 4.632033713321684
Geomean speedup (Total): 16384 1.5003146253903596
Geomean speedup (Kernel): 16384 2.3113384371418224
Geomean speedup (AutoTune Total): 16384 1.6695335463567083
